3 0.2672439765625 0.291015625 0.234939759375 0.3134765625 0.2212349390625 0.3447265625 0.23004518125 0.36328125 0.29073795156250004 0.388671875 0.332831325 0.3896484375 0.34066264999999996 0.3857421875 0.34066264999999996 0.3408203125 0.316189759375 0.30078125 0.2672439765625 0.291015625
3 0.3612198796875 0.3671875 0.343599396875 0.3671875 0.33870481875 0.3720703125 0.33870481875 0.3779296875 0.34262048125 0.3837890625 0.34262048125 0.3876953125 0.335768071875 0.388671875 0.33087349375 0.3935546875 0.32695783125 0.4091796875 0.333810240625 0.41015625 0.335768071875 0.412109375 0.34555722968749997 0.412109375 0.3475150609375 0.4140625 0.3533885546875 0.4140625 0.3631777109375 0.41796875 0.37688252968749997 0.41796875 0.3788403609375 0.419921875 0.387650603125 0.4189453125 0.38569277031250004 0.3935546875 0.37981927656250003 0.3798828125 0.3729668671875 0.373046875 0.3612198796875 0.3671875
3 0.6695783125 0.3916015625 0.654894578125 0.37890625 0.639231928125 0.37890625 0.635316265625 0.380859375 0.6284638546875 0.3876953125 0.6245481921875 0.3974609375 0.6206325296874999 0.4013671875 0.6216114453125 0.404296875 0.639231928125 0.404296875 0.641189759375 0.40625 0.650978915625 0.408203125 0.660768071875 0.4140625 0.664683734375 0.4140625 0.666641565625 0.416015625 0.6695783125 0.4150390625 0.6715361453125 0.4130859375 0.6715361453125 0.3994140625 0.6695783125 0.3974609375 0.6695783125 0.3916015625
3 0.58441265 0.423828125 0.587349396875 0.4208984375 0.577560240625 0.4013671875 0.56875 0.39453125 0.55896084375 0.39453125 0.55112951875 0.3984375 0.5423192765625 0.4091796875 0.5423192765625 0.4345703125 0.5452560234375 0.4375 0.5491716875 0.4375 0.55112951875 0.439453125 0.554066265625 0.4384765625 0.5726656625000001 0.427734375 0.576581325 0.427734375 0.5804969875 0.423828125 0.58441265 0.423828125
3 0.48358433749999996 0.3935546875 0.476731928125 0.388671875 0.46498493906249994 0.388671875 0.4610692765625 0.390625 0.4522590359375 0.4013671875 0.4503012046875 0.4130859375 0.45421686718750004 0.4130859375 0.472816265625 0.40234375 0.48652108437499997 0.404296875 0.4875 0.3994140625 0.48358433749999996 0.3935546875
3 0.5207831328125 0.4306640625 0.5207831328125 0.4267578125 0.5100150609375 0.41796875 0.496310240625 0.41796875 0.48945783125000003 0.4326171875 0.48945783125000003 0.4404296875 0.498268071875 0.44921875 0.502183734375 0.44921875 0.5100150609375 0.453125 0.5129518078124999 0.4521484375 0.5158885546875001 0.451171875 0.5227409640625 0.4423828125 0.5227409640625 0.4326171875 0.5207831328125 0.4306640625
3 0.0274096390625 0.3251953125 0.023493976562499998 0.3115234375 0.006852409375 0.296875 0.000978915625 0.294921875 0 0.3759765625 0.0039156625 0.3759765625 0.030346385937499998 0.36328125 0.039156626562500005 0.3525390625 0.039156626562500005 0.3447265625 0.0274096390625 0.3251953125
9 0.2858433734375 0.6845703125 0.317168675 0.6806640625 0.317168675 0.6201171875 0.325 0.6083984375 0.3494728921875 0.59375 0.3729668671875 0.59375 0.3739457828125 0.5849609375 0.3563253015625 0.5146484375 0.332831325 0.4736328125 0.2711596390625 0.42578125 0.23396084374999998 0.412109375 0.2065512046875 0.43359375 0.165436746875 0.4453125 0.154668675 0.4658203125 0.154668675 0.6806640625 0.16445783125 0.7041015625 0.14879518125 0.7763671875 0.15662650625000002 0.8701171875 0.1429216875 0.9912109375 0.14585843437499998 1 0.1879518078125 0.9990234375 0.229066265625 0.9306640625 0.232981928125 0.8935546875 0.24179216874999998 0.88671875 0.250602409375 0.9990234375 0.332831325 0.9990234375 0.332831325 0.8720703125 0.3465361453125 0.7607421875 0.2897590359375 0.7001953125 0.2858433734375 0.6845703125
9 0.5246987953125 0.5048828125 0.5149096390625 0.4638671875 0.480647590625 0.431640625 0.46498493906249994 0.4296875 0.4268072296875 0.4638671875 0.417018071875 0.4912109375 0.43268072343749997 0.5556640625 0.43659638593750005 0.6591796875 0.4454066265625 0.66796875 0.4640060234375 0.6669921875 0.472816265625 0.61328125 0.48162650625000003 0.6513671875 0.49435240937499997 0.669921875 0.5031626499999999 0.6689453125 0.5168674703125 0.6630859375 0.5070783125 0.5263671875 0.5246987953125 0.5146484375 0.5246987953125 0.5048828125
9 0.387650603125 0.6552734375 0.397439759375 0.6416015625 0.387650603125 0.5869140625 0.413102409375 0.5771484375 0.413102409375 0.5107421875 0.3945030125 0.46875 0.3494728921875 0.439453125 0.329894578125 0.4375 0.317168675 0.4560546875 0.3563253015625 0.5107421875 0.3778614453125 0.5927734375 0.3524096390625 0.7333984375 0.3680722890625 0.8642578125 0.39156626562499997 0.8662109375 0.403313253125 0.8447265625 0.407228915625 0.6962890625 0.38569277031250004 0.6904296875 0.387650603125 0.6552734375
6 0.6078125 0.57578125 0.02578125 0.034375
6 0.4015625 0.6703125 0.0328125 0.05625
5 0.30859375 0.40234375 0.0234375 0.0265625
9 0.0625 0.71171875 0.125 0.5765625
9 0.621875 0.60234375 0.125 0.34140625