3 0.33118872499999996 0.38748468125 0.3391544125 0.3835018375 0.3391544125 0.3376991421875 0.3142616421875 0.296875 0.264476103125 0.2869178921875 0.23161764687500003 0.309819240625 0.2176776953125 0.3416819859375 0.22663909375000002 0.360600490625 0.2883731625 0.38648897031249996 0.33118872499999996 0.38748468125
3 0.362055759375 0.41636029375000005 0.3759957109375 0.41636029375000005 0.3779871328125 0.41835171562499995 0.38694852968750004 0.4173560046875 0.3849571078125 0.39146752500000004 0.37898284375 0.3775275734375 0.3720128671875 0.37055759843749997 0.3600643375 0.3645833328125 0.34214154375 0.3645833328125 0.337162990625 0.3695618875 0.337162990625 0.37553615156250003 0.3411458328125 0.3815104171875 0.3411458328125 0.385493259375 0.3341758578125 0.38648897031249996 0.32919730468749997 0.39146752500000004 0.3252144609375 0.407398896875 0.3321844359375 0.4083946078125 0.3341758578125 0.41038602968750004 0.344132965625 0.41038602968750004 0.3461243875 0.41237745156249994 0.35209865156250003 0.41237745156249994 0.362055759375 0.41636029375000005
3 0.6737132359375 0.4133731625 0.67570465625 0.411381740625 0.67570465625 0.3974417890625 0.6737132359375 0.3954503671875 0.6737132359375 0.389476103125 0.6587775734375 0.3765318625 0.6428462015624999 0.3765318625 0.6388633578125 0.378523284375 0.6318933828125 0.385493259375 0.6279105390625 0.3954503671875 0.6239276953124999 0.3994332109375 0.62492340625 0.40242034374999996 0.6428462015624999 0.40242034374999996 0.644837621875 0.4044117640625 0.6547947296875 0.4064031859375 0.6647518375 0.41237745156249994 0.66873468125 0.41237745156249994 0.670726103125 0.414368871875 0.6737132359375 0.4133731625
3 0.5831035546875001 0.42233455937500003 0.587086396875 0.42233455937500003 0.5900735296875 0.4193474265625 0.580116421875 0.3994332109375 0.571155025 0.3924632359375 0.5611979171875 0.3924632359375 0.5532322296875 0.396446078125 0.5442708328125 0.407398896875 0.5442708328125 0.433287378125 0.547257965625 0.436274509375 0.5512408093750001 0.436274509375 0.5532322296875 0.43826593125 0.5562193625 0.43727022031249996 0.5751378671875 0.42631740156250003 0.5791207109375 0.42631740156250003 0.5831035546875001 0.42233455937500003
3 0.45266544062499997 0.3994332109375 0.45067402031250003 0.411381740625 0.4546568625 0.411381740625 0.4735753671875 0.400428921875 0.48751531875 0.40242034374999996 0.48851102968750004 0.3974417890625 0.4845281859375 0.39146752500000004 0.47755821093749995 0.38648897031249996 0.46560968125 0.38648897031249996 0.4616268375 0.3884803921875 0.45266544062499997 0.3994332109375
3 0.5223651953124999 0.42532169062499997 0.511412378125 0.41636029375000005 0.4974724265625 0.41636029375000005 0.49050245156249994 0.43129595624999995 0.49050245156249994 0.4392616421875 0.49946384843749997 0.44822303906250005 0.5034466906249999 0.44822303906250005 0.511412378125 0.4522058828125 0.514399509375 0.451210171875 0.5173866421875 0.45021446093749995 0.5243566171875 0.4412530640625 0.5243566171875 0.43129595624999995 0.5223651953124999 0.42930453437500005 0.5223651953124999 0.42532169062499997
3 0 0.371922090625 0.02351409375 0.360600490625 0.032475490625 0.349647671875 0.032475490625 0.3416819859375 0.020526960937499998 0.32176777031250003 0.0165441171875 0.30782781875 0 0.29323006875 0 0.371922090625
9 0.33118872499999996 1 0.33118872499999996 0.8793658093750001 0.3451286765625 0.7658547796875 0.2873774515625 0.7041207109375 0.2833946078125 0.6881893375 0.315257353125 0.6842064953125 0.315257353125 0.6224724265625 0.3232230390625 0.610523896875 0.348115809375 0.5955882359375 0.3720128671875 0.5955882359375 0.373008578125 0.5866268375 0.355085784375 0.5149356625 0.33118872499999996 0.47311580937500003 0.26845894531250003 0.42432597968749997 0.2306219359375 0.41038602968750004 0.202742034375 0.4322916671875 0.16092218125 0.4442401953125 0.14996936249999998 0.465150121875 0.14996936249999998 0.6842064953125 0.1599264703125 0.7081035546875001 0.1439950984375 0.7817861515625 0.151960784375 0.8773743875 0.13811595625 1 0.18910845625 1 0.22564338281250002 0.93910845625 0.229626225 0.9012714453124999 0.238587621875 0.8943014703125 0.24685968125 1 0.33118872499999996 1
9 0.518382353125 0.6662837015624999 0.5084252453125 0.5268841906249999 0.5263480390625 0.5149356625 0.5263480390625 0.5049785546875001 0.51639093125 0.46315870156249994 0.4815410546875 0.4303002453125 0.46560968125 0.4283088234375 0.42677696093749995 0.46315870156249994 0.416819853125 0.491038603125 0.43275122499999996 0.5567555140625 0.43673406875 0.6623008578125 0.44569546562499995 0.6712622546875 0.46461397031249996 0.67026654375 0.4735753671875 0.6155024515624999 0.4825367640625 0.654335171875 0.4954810046875 0.6732536765625 0.5044424015625 0.672257965625 0.518382353125 0.6662837015624999
9 0.40287990156250003 0.85148590625 0.4068627453125 0.7001378671875 0.3849571078125 0.694163603125 0.38694852968750004 0.6583180140625 0.3969056375 0.6443780640625 0.38694852968750004 0.588618259375 0.412837009375 0.5786611515625 0.412837009375 0.51095281875 0.3939185046875 0.4681372546875 0.348115809375 0.43826593125 0.32820159375 0.436274509375 0.315257353125 0.4551930140625 0.355085784375 0.51095281875 0.376991421875 0.594592525 0.351102940625 0.737974878125 0.3670343140625 0.871400121875 0.390931371875 0.87339154375 0.40287990156250003 0.85148590625
6 0.6109375 0.57734375 0.0265625 0.03515625
6 0.4015625 0.67421875 0.03359375 0.05703125
5 0.30625 0.40078125 0.02421875 0.0265625
9 0.06015625 0.7109375 0.1203125 0.578125
9 0.625 0.60390625 0.12734375 0.3484375