3 0.29177807499999997 0.3991855046875 0.3004679140625 0.394863696875 0.3004679140625 0.34516289843750003 0.273312165625 0.3008643609375 0.21900066875 0.290059840625 0.1831550796875 0.3149102390625 0.1679478609375 0.34948470781249996 0.17772393125 0.3700132984375 0.2450701875 0.398105053125 0.29177807499999997 0.3991855046875
3 0.325451203125 0.43051861718750006 0.340658421875 0.43051861718750006 0.3428308828125 0.43267952187500003 0.3526069515625 0.43159906875000004 0.3504344921875 0.4035073140625 0.3439171125 0.388380984375 0.336313503125 0.38081781875 0.32327874375 0.37433510625 0.3037266046875 0.37433510625 0.29829545468749996 0.3797373671875 0.29829545468749996 0.3862200796875 0.302640375 0.39270279218750004 0.302640375 0.39702460156249997 0.2950367640625 0.398105053125 0.289605615625 0.4035073140625 0.2852606953125 0.4207945484375 0.2928643046875 0.421875 0.2950367640625 0.42403590468749996 0.3058990640625 0.42403590468749996 0.3080715234375 0.4261968078125 0.314588903125 0.4261968078125 0.325451203125 0.43051861718750006
3 0.6654411765625 0.4272772609375 0.6676136359375 0.42511635625000005 0.6676136359375 0.4099900265625 0.6654411765625 0.407829121875 0.6654411765625 0.401346409375 0.6491477265625 0.38730053125 0.6317680484375 0.38730053125 0.627423128125 0.3894614359375 0.61981951875 0.39702460156249997 0.6154745984375001 0.407829121875 0.6111296796875 0.41215093124999996 0.6122159093749999 0.4153922875 0.6317680484375 0.4153922875 0.6339405078125 0.4175531921875 0.6448028078125 0.41971409531250004 0.6556651062500001 0.4261968078125 0.6600100265625 0.4261968078125 0.6621824859375 0.4283577125 0.6654411765625 0.4272772609375
3 0.5665942515625 0.43700132968750005 0.570939171875 0.43700132968750005 0.5741978609375 0.4337599734375 0.5633355609375 0.41215093124999996 0.5535594921875 0.404587765625 0.5426971921875 0.404587765625 0.534007353125 0.408909575 0.5242312828125 0.4207945484375 0.5242312828125 0.448886303125 0.5274899734375 0.452127659375 0.5318348937499999 0.452127659375 0.534007353125 0.4542885640625 0.5372660421875 0.4532081109375 0.5579044125 0.4413231390625 0.56224933125 0.4413231390625 0.5665942515625 0.43700132968750005
3 0.42429812812499995 0.41215093124999996 0.42212566875 0.42511635625000005 0.4264705875 0.42511635625000005 0.44710895781250004 0.41323138281249994 0.4623161765625 0.4153922875 0.46340240625 0.4099900265625 0.45905748593749995 0.4035073140625 0.45145387656249997 0.398105053125 0.4384191171875 0.398105053125 0.43407419843749995 0.40026595781249996 0.42429812812499995 0.41215093124999996
3 0.500334225 0.4402426859375 0.4883856953125 0.43051861718750006 0.4731784765625 0.43051861718750006 0.465574865625 0.4467253984375 0.465574865625 0.455369015625 0.4753509359375 0.465093084375 0.47969585625000005 0.465093084375 0.4883856953125 0.46941489374999995 0.49164438437499997 0.4683344421875 0.494903075 0.4672539890625 0.502506684375 0.45752992031249995 0.502506684375 0.4467253984375 0.500334225 0.4445644953125 0.500334225 0.4402426859375
9 0.29177807499999997 1 0.29177807499999997 0.93292885625 0.30698529375 0.8097573140625001 0.24398395781249999 0.74276928125 0.2396390375 0.7254820484375 0.2743983953125 0.7211602390625 0.2743983953125 0.6541722078125 0.2830882359375 0.64120678125 0.310243984375 0.625 0.336313503125 0.625 0.3373997328125 0.61527593125 0.31784759375 0.537483378125 0.29177807499999997 0.4921043890625 0.22334558750000003 0.439162234375 0.18206885 0.42403590468749996 0.1516544125 0.4478058515625 0.1060327546875 0.4607712765625 0.094084225 0.48346077187500003 0.094084225 0.7211602390625 0.1049465234375 0.747091090625 0.0875668453125 0.8270445484375 0.096256684375 0.9307679515625 0.0883983640625 1 0.175284090625 1 0.1766377 0.9977559843750001 0.1809826203125 0.956698803125 0.1907586890625 0.9491356390625001 0.194760665625 1 0.29177807499999997 1
9 0.4959893046875 0.7017121015625001 0.48512700468750003 0.550448803125 0.50467914375 0.537483378125 0.50467914375 0.52667885625 0.4938168453125 0.48129986718750006 0.455798796875 0.445644946875 0.4384191171875 0.44348404218750004 0.39605615 0.48129986718750006 0.38519385 0.5115525265625 0.40257352968750004 0.5828623671875001 0.40691844843749997 0.6973902921875 0.41669451874999996 0.7071143609375 0.43733288750000004 0.706033909375 0.44710895781250004 0.6466090421875 0.45688502656249996 0.688746675 0.471006015625 0.709275265625 0.4807820859375 0.7081948140625001 0.4959893046875 0.7017121015625001
9 0.36998663125000003 0.902676196875 0.3743315515625 0.7384474734375 0.3504344921875 0.7319647609375 0.3526069515625 0.693068484375 0.3634692515625 0.6779421546875 0.3526069515625 0.6174368343750001 0.38084893124999997 0.6066323140625001 0.38084893124999997 0.53316156875 0.36021056093750004 0.486702128125 0.310243984375 0.4542885640625 0.288519384375 0.452127659375 0.2743983953125 0.47265625 0.31784759375 0.53316156875 0.341744653125 0.6239195484375 0.3135026734375 0.7795046546875 0.330882353125 0.9242852390625 0.356951871875 0.92644614375 0.36998663125000003 0.902676196875
6 0.596875 0.60546875 0.02890625 0.03828125
6 0.36796875 0.71015625 0.03671875 0.06171875
5 0.26484375 0.41328125 0.02578125 0.02890625
9 0.03046875 0.71796875 0.0609375 0.5640625
9 0.6125 0.634375 0.13828125 0.378125