3 0.33125 0.4734375 0.090625 0.05703125
3 0.21484375 0.4859375 0.13203125 0.11875
3 0.334375 0.02421875 0.090625 0.0484375
3 0.21484375 0.03125 0.13125 0.06171875
3 0.21328125 0.94921875 0.1359375 0.1015625
3 0.3328125 0.96640625 0.0875 0.0671875
8 0.3421875 0.90234375 0.05625 0.0390625
8 0.28515625 0.903125 0.0703125 0.05546875
8 0.296875 0.51640625 0.0375 0.05078125
8 0.3421875 0.540625 0.05 0.03203125
12 0.42421875 0.8671875 0.28125 0.265625
12 0.37578125 0.86171875 0.4453125 0.2765625
12 0.365625 0.55546875 0.428125 0.2609375
12 0.4296875 0.5609375 0.2828125 0.22890625