3 0.70234375 0.509375 0.08828125 0.05546875
3 0.815625 0.521875 0.12890625 0.115625
3 0.7015625 0.06484375 0.08828125 0.0625
8 0.690625 0.01015625 0.05546875 0.0203125
8 0.7421875 0.01484375 0.053125 0.0296875
3 0.815625 0.05546875 0.128125 0.1078125
3 0.81796875 0.9625 0.1328125 0.075
3 0.7 0.978125 0.084375 0.04375
8 0.69140625 0.92734375 0.0546875 0.03828125
8 0.746875 0.928125 0.06875 0.05390625
8 0.7359375 0.5515625 0.03671875 0.05
8 0.6921875 0.575 0.0484375 0.03125
12 0.61171875 0.88203125 0.27421875 0.2359375
12 0.659375 0.8765625 0.434375 0.24609375
12 0.66875 0.5890625 0.41796875 0.25390625
12 0.60625 0.59453125 0.27578125 0.2234375