3 0.5421875 0.29375 0.0921875 0.0578125
3 0.721875 0.3109375 0.11328125 0.07109375
3 0.38984375 0.334375 0.1078125 0.065625
3 0.9109375 0.22890625 0.178125 0.1328125
3 0.54140625 0.03203125 0.08046875 0.05234375
12 0.38671875 0.00625 0.08359375 0.0125
12 0.72265625 0.01953125 0.10078125 0.0390625
12 0.9109375 0.0890625 0.178125 0.13125
8 0.71328125 0.37109375 0.05546875 0.03046875
8 0.53828125 0.353125 0.04296875 0.03359375
8 0.41015625 0.3921875 0.04453125 0.03046875
8 0.89296875 0.35234375 0.10859375 0.06015625
12 0.91015625 0.07421875 0.1796875 0.14765625
12 0.5421875 0.0234375 0.09375 0.046875
12 0.7296875 0.46796875 0.190625 0.39296875
12 0.85234375 0.465625 0.2953125 0.6109375
12 0.8640625 0.9015625 0.271875 0.19375
12 0.5296875 0.4796875 0.23046875 0.43515625
12 0.38203125 0.515625 0.1921875 0.43359375