3 0.53671875 0.24375 0.0984375 0.06171875
3 0.728125 0.2625 0.1203125 0.07578125
3 0.375 0.28671875 0.1140625 0.06953125
3 0.9171875 0.17578125 0.16484375 0.14140625
12 0.9171875 0.0484375 0.16484375 0.096875
8 0.71953125 0.32578125 0.05859375 0.03203125
8 0.5328125 0.30703125 0.04609375 0.03515625
8 0.396875 0.3484375 0.046875 0.0328125
8 0.909375 0.30625 0.115625 0.0640625
12 0.91640625 0.04453125 0.1671875 0.0890625
12 0.7359375 0.42890625 0.20234375 0.41796875
12 0.8546875 0.4265625 0.290625 0.64921875
12 0.86796875 0.89375 0.2640625 0.21171875
12 0.52421875 0.4421875 0.2453125 0.4625
12 0.3671875 0.48046875 0.2046875 0.4609375