3 0.91171875 0.37421875 0.0734375 0.0703125
7 0.68828125 0.61484375 0.1203125 0.06171875
7 0.58671875 0.52890625 0.125 0.078125
7 0.32890625 0.421875 0.11796875 0.1234375
7 0.36796875 0.09765625 0.08359375 0.0515625
7 0.5296875 0.128125 0.06640625 0.04140625
7 0.69765625 0.190625 0.0375 0.02109375
8 0.915625 0.4296875 0.0375 0.03125
2 0.8234375 0.64765625 0.0390625 0.053125
8 0.7 0.21796875 0.021875 0.01640625
8 0.53515625 0.18359375 0.03671875 0.0328125
8 0.3609375 0.16328125 0.05 0.0390625
8 0.28984375 0.503125 0.065625 0.046875
8 0.58671875 0.6328125 0.06796875 0.034375
12 0.69453125 0.31328125 0.096875 0.2734375
12 0.84765625 0.51484375 0.19921875 0.353125
12 0.6703125 0.790625 0.4625 0.41875
12 0.54296875 0.69609375 0.24921875 0.4515625
12 0.2265625 0.63828125 0.4125 0.5609375
12 0.5265625 0.3234375 0.1671875 0.44296875
12 0.34296875 0.2984375 0.21640625 0.46796875