3 0.0875 0.35 0.07734375 0.07265625
7 0.32109375 0.6015625 0.12578125 0.0640625
7 0.42734375 0.51171875 0.13125 0.08125
7 0.69765625 0.4 0.12421875 0.12890625
7 0.65703125 0.06171875 0.0875 0.05390625
7 0.4875 0.09375 0.06953125 0.04296875
7 0.31171875 0.159375 0.0390625 0.021875
8 0.0828125 0.4078125 0.0390625 0.0328125
2 0.18046875 0.63515625 0.040625 0.05546875
8 0.309375 0.1875 0.0234375 0.0171875
8 0.48125 0.15234375 0.0390625 0.034375
8 0.6640625 0.13046875 0.05234375 0.040625
8 0.73828125 0.484375 0.06875 0.04921875
8 0.428125 0.61953125 0.071875 0.0359375
12 0.3140625 0.28671875 0.1015625 0.284375
12 0.1546875 0.496875 0.20859375 0.36875
12 0.33984375 0.7828125 0.484375 0.43359375
12 0.4734375 0.6859375 0.2609375 0.4703125
12 0.79375 0.62421875 0.4125 0.5875
12 0.490625 0.29765625 0.175 0.4609375
12 0.68359375 0.27109375 0.2265625 0.4875