3 0.4365234375 0.256475903125 0.3828125 0.3024849390625 0.3935546875 0.31325301250000004 0.4501953125 0.3210843375 0.52734375 0.36709337343750004 0.517578125 0.3475150609375 0.513671875 0.2887801203125 0.4853515625 0.260391565625 0.4365234375 0.256475903125
3 0.6962890625 0.2838855421875 0.6962890625 0.2956325296875 0.677734375 0.2966114453125 0.681640625 0.2711596390625 0.6748046875 0.26234939687500003 0.6455078125 0.260391565625 0.609375 0.2946536140625 0.607421875 0.34555722968749997 0.623046875 0.3494728921875 0.6767578125 0.3367469875 0.71875 0.308358434375 0.701171875 0.306400603125 0.6962890625 0.2838855421875
6 0.4912109375 0.64021084375 0.423828125 0.652936746875 0.4326171875 0.7048192765625 0.529296875 0.72146084375 0.580078125 0.6881777109375 0.576171875 0.662725903125 0.5595703125 0.64804216875 0.4912109375 0.64021084375
6 0.5908203125 0.7635542171874999 0.583984375 0.7527861453125 0.595703125 0.74691265 0.5869140625 0.7381024093749999 0.529296875 0.73712349375 0.529296875 0.7625753015625001 0.5517578125 0.7929216875 0.6171875 0.8154367468749999 0.6015625 0.799774096875 0.6015625 0.7762801203125 0.61328125 0.7625753015625001 0.5908203125 0.7635542171874999
6 0.6796875 0.71362951875 0.68359375 0.72929216875 0.69921875 0.73320783125 0.7802734375 0.7048192765625 0.78125 0.6881777109375 0.7119140625 0.6930722890625 0.6796875 0.71362951875
6 0.537109375 0.8898343375 0.525390625 0.9152861453125001 0.5322265625 0.9319277109374999 0.54296875 0.9309487953125 0.58203125 0.9250753015625 0.5986328125 0.8614457828125 0.5634765625 0.8673192765625 0.537109375 0.8898343375
6 0.431640625 0.968147590625 0.4619140625 0.9984939765625 0.578125 0.9975150609375 0.580078125 0.977936746875 0.5283203125 0.9436746984375001 0.4755859375 0.9495481921875 0.431640625 0.968147590625
5 0.797330465625 0.1723899921875 0.773887075 0.18824044374999999 0.8044157000000001 0.2516617203125 0.8351179546875 0.2197163828125 0.797330465625 0.1723899921875
5 0.41827436718750005 0.3250176703125 0.3900437953125 0.31698980468750004 0.3793059453125 0.362878809375 0.40528492343750006 0.3699777546875 0.41827436718750005 0.3250176703125
8 0.6926633343749999 0.40952320468750003 0.7054872453125001 0.3791530578125 0.70082398125 0.356959496875 0.6314582265625 0.3744807328125 0.6477795625 0.41594765 0.668181309375 0.420619996875 0.6926633343749999 0.40952320468750003
8 0.41869761250000004 0.4340529390625 0.44959159375 0.4527422625 0.48398304531249997 0.40251470625 0.484037871875 0.388777021875 0.4227779375 0.36513608125 0.40762239375 0.3984264140625 0.41869761250000004 0.4340529390625