3 0.4747242640625 0.3485753671875 0.46476715625000004 0.3684895828125 0.5434283093750001 0.3216911765625 0.601179534375 0.313725490625 0.612132353125 0.302772671875 0.557368259375 0.2559742640625 0.5075827203125 0.2599571078125 0.4787071078125 0.28883272031249996 0.4747242640625 0.3485753671875
3 0.292509190625 0.29580269531250003 0.292509190625 0.2838541671875 0.2875306375 0.3067555140625 0.26960784375 0.3087469359375 0.31242340625 0.3376225484375 0.3671875 0.3505667890625 0.383118871875 0.34658394531250003 0.3811274515625 0.2948069859375 0.34428615156250003 0.2599571078125 0.314414828125 0.26194852968750004 0.307444853125 0.2709099265625 0.31142769531250003 0.29679840625 0.292509190625 0.29580269531250003
6 0.4627757359375 0.7289368875 0.561351103125 0.7120098046875001 0.5703125 0.6592371328125 0.50160845625 0.6462928921875 0.43190870156249994 0.654258578125 0.4149816171875 0.669194240625 0.41099877500000004 0.6950827203125 0.4627757359375 0.7289368875
6 0.40004595624999995 0.7717524515624999 0.3771446078125 0.770756740625 0.3890931375 0.7846966906249999 0.3890931375 0.80859375 0.3731617640625 0.824525121875 0.4398743875 0.801623775 0.4627757359375 0.770756740625 0.4627757359375 0.744868259375 0.40402879843750006 0.7458639703125 0.39506740156250003 0.7548253671875 0.40701593125 0.7607996328125 0.40004595624999995 0.7717524515624999
6 0.30545343125 0.7369025734375 0.30943627500000004 0.7209712015624999 0.27657781875 0.700061275 0.20588235312499997 0.6950827203125 0.2068780640625 0.7120098046875001 0.289522059375 0.7408854171875 0.30545343125 0.7369025734375
6 0.44883578437500005 0.9420189953125 0.459788603125 0.94301470625 0.466758578125 0.926087621875 0.45481004843750006 0.9001991421875 0.4279258578125 0.87729779375 0.39208027031250003 0.8713235296875 0.409007353125 0.9360447296875 0.44883578437500005 0.9420189953125
6 0.54220281875 1 0.5623468140625 0.9798560046875 0.517539828125 0.9609375 0.4637714453125 0.9549632359375 0.41099877500000004 0.9898131125 0.4120174625 1 0.54220281875 1
5 0.21338965000000001 0.1865680984375 0.1894865828125 0.17044570312500001 0.1509581640625 0.218584065625 0.18226242343750002 0.2510774859375 0.21338965000000001 0.1865680984375
5 0.6047592671875 0.3175263953125 0.5759751546875 0.3256919921875 0.58921929375 0.3714234515625 0.6157076640625 0.3642027109375 0.6047592671875 0.3175263953125
8 0.2831306515625 0.3807561734375 0.2962060125 0.41164737812499996 0.3211680765625 0.42293455625 0.3419698578125 0.418182046875 0.3586112203125 0.3760036859375 0.28788535312499997 0.358181840625 0.2831306515625 0.3807561734375
8 0.544043865625 0.4556079390625 0.5755436109375001 0.43659796562500003 0.586835990625 0.40036020156249996 0.5713832796875 0.3664987109375 0.5089221687500001 0.3905452546875 0.5089780703125 0.404518634375 0.544043865625 0.4556079390625