3 0.549966578125 0.2495799734375 0.5184659093749999 0.217909946875 0.4641544125 0.21354166718749998 0.4044117640625 0.2648689515625 0.41636029375000005 0.27688172031249997 0.47936163125000003 0.28561827968750003 0.565173796875 0.3369455640625 0.554311496875 0.3151041671875 0.549966578125 0.2495799734375
3 0.7324532078125 0.2583165328125 0.736798128125 0.22992271562500002 0.72919451875 0.22009408593750002 0.6966076203125 0.217909946875 0.6564171125 0.2561323921875 0.654244653125 0.3129200265625 0.67162433125 0.31728830625 0.731366978125 0.3030913984375 0.7780748656250001 0.2714213703125 0.7585227265625 0.26923723125 0.753091578125 0.2441196234375 0.753091578125 0.25722446250000003 0.7324532078125 0.2583165328125
6 0.5249832890625 0.6416330640625 0.450033421875 0.6558299734374999 0.4598094921875 0.7137096781250001 0.56734625625 0.732274865625 0.6238302140624999 0.6951444890625 0.61948529375 0.666750671875 0.601019384375 0.6503696234375 0.5249832890625 0.6416330640625
6 0.6314338234375 0.750840053125 0.56734625625 0.749747984375 0.56734625625 0.7781418015625 0.5923295453125 0.8119959671875 0.6651069515625 0.837113575 0.6477272734375 0.8196404562499999 0.6477272734375 0.7934307796875 0.6607620328125 0.7781418015625 0.63577874375 0.7792338703125 0.6281751343749999 0.7672211015625 0.6412098937499999 0.7606686828125 0.6314338234375 0.750840053125
6 0.7563502671875 0.7453797046874999 0.846507353125 0.7137096781250001 0.8475935828125 0.6951444890625 0.77047125625 0.7006048390624999 0.73462566875 0.72353830625 0.7389705875 0.7410114250000001 0.7563502671875 0.7453797046874999
6 0.576036096875 0.9201108874999999 0.5630013375 0.9485047046874999 0.570604946875 0.9670698921875 0.5825534765625 0.965977821875 0.6260026734374999 0.9594254031249999 0.6444685828125001 0.8884408609375001 0.6053643046875 0.8949932796875 0.576036096875 0.9201108874999999
6 0.59612060625 1 0.5662600265625 0.98017473125 0.507603609375 0.9867271499999999 0.47633601875 1 0.59612060625 1
5 0.8733607781250001 0.2081710046875 0.9075108796875 0.1725330625 0.8654798765624999 0.1197361484375 0.8394038046875 0.1374187734375 0.8733607781250001 0.2081710046875
5 0.40051142500000003 0.33224383281250003 0.429407828125 0.3401633546875 0.44385598125000003 0.290006271875 0.41245513125000005 0.2810504546875 0.40051142500000003 0.33224383281250003
8 0.7581357640624999 0.32564029843750003 0.6809802734375 0.34518683906250003 0.6991344859375 0.3914469765625 0.7218273390625 0.39665940625 0.74905868125 0.38427991875 0.7633227109375 0.3503992453125 0.7581357640624999 0.32564029843750003
8 0.5169437078125 0.3764612984375 0.5170046921875 0.36113565625 0.4488653 0.3347620265625 0.43200779687499996 0.3719004359375 0.44432675625 0.41164508125 0.47869011562499997 0.432494728125 0.5169437078125 0.3764612984375