12 0.9921875 0.11484375 0.015625 0.22890625
12 0.56953125 0.11953125 0.3234375 0.2390625
12 0.42734375 0.12109375 0.25 0.2421875
12 0.05234375 0.10625 0.1046875 0.2125
12 0.08671875 0.55625 0.1734375 0.61328125
12 0.07265625 0.93125 0.14453125 0.13671875
12 0.4484375 0.521875 0.25390625 0.56875
12 0.56640625 0.60859375 0.3203125 0.76171875
2 0.3625 0.540625 0.05234375 0.084375
3 0.65234375 0.19609375 0.1265625 0.06796875
3 0.4875 0.19375 0.125 0.078125
3 0.4921875 0.271875 0.1296875 0.0875
3 0.64765625 0.275 0.13359375 0.08671875