12 0.9875 0.59453125 0.025 0.8109375
12 0.9828125 0.07265625 0.03125 0.1453125
12 0.54375 0.078125 0.33125 0.15625
12 0.39921875 0.0796875 0.25546875 0.159375
12 0.03515625 0.06484375 0.06953125 0.1296875
12 0.06953125 0.48203125 0.1390625 0.6296875
12 0.05546875 0.8984375 0.11015625 0.20234375
12 0.42109375 0.446875 0.259375 0.584375
12 0.54140625 0.5359375 0.32734375 0.7828125
2 0.3328125 0.46640625 0.053125 0.08671875
3 0.628125 0.1125 0.1296875 0.0703125
3 0.4609375 0.109375 0.128125 0.08046875
3 0.46484375 0.18984375 0.13203125 0.08984375
3 0.62421875 0.19296875 0.1359375 0.0890625