3 0.2734375 0.4609375 0.0859375 0.04453125
3 0.46328125 0.45859375 0.06328125 0.04921875
3 0.3390625 0.515625 0.034375 0.03671875
3 0.62109375 0.046875 0.07734375 0.08359375
3 0.625 0.2859375 0.08515625 0.07578125
8 0.64921875 0.0109375 0.05078125 0.02109375
8 0.6421875 0.33203125 0.05078125 0.03359375
8 0.47734375 0.49375 0.02578125 0.0203125
8 0.32578125 0.54609375 0.021875 0.021875
8 0.27109375 0.4890625 0.046875 0.025
12 0.78125 0.48046875 0.4375 0.46640625
12 0.2171875 0.5671875 0.34921875 0.2703125
12 0.3078125 0.55703125 0.0859375 0.1265625
12 0.45625 0.60390625 0.1703125 0.34296875