3 0.77421875 0.4875 0.09375 0.0484375
3 0.56640625 0.484375 0.06953125 0.05390625
3 0.70234375 0.54765625 0.03828125 0.040625
3 0.39453125 0.03984375 0.084375 0.07890625
3 0.3890625 0.29609375 0.09296875 0.0828125
8 0.365625 0.00234375 0.05625 0.0046875
8 0.3703125 0.346875 0.05546875 0.03671875
8 0.5515625 0.5234375 0.028125 0.02265625
8 0.7171875 0.58046875 0.0234375 0.0234375
8 0.7765625 0.51875 0.0515625 0.02734375
12 0.23046875 0.5078125 0.46015625 0.51015625
12 0.8234375 0.60234375 0.35234375 0.29453125
12 0.73671875 0.59296875 0.09375 0.13828125
12 0.57421875 0.64453125 0.1859375 0.375