3 0.21796875 0.48515625 0.09375 0.0484375
3 0.42578125 0.48203125 0.06953125 0.05390625
3 0.28984375 0.5453125 0.03828125 0.040625
3 0.59765625 0.03828125 0.084375 0.0765625
3 0.603125 0.29375 0.09296875 0.0828125
8 0.621875 0.34375 0.05546875 0.03671875
8 0.440625 0.52109375 0.028125 0.02265625
8 0.275 0.578125 0.0234375 0.0234375
8 0.215625 0.515625 0.0515625 0.02734375
12 0.765625 0.50546875 0.46875 0.51015625
12 0.17265625 0.6 0.34453125 0.29453125
12 0.25546875 0.590625 0.09375 0.13828125
12 0.41796875 0.64140625 0.1859375 0.375