3 0.8609375 0.246875 0.12734375 0.12578125
3 0.12890625 0.328125 0.12265625 0.12265625
8 0.83671875 0.01484375 0.0609375 0.0296875
8 0.8375 0.32734375 0.053125 0.03828125
8 0.1359375 0.42265625 0.0265625 0.03671875
2 0.1890625 0.45859375 0.10234375 0.1015625
2 0.11484375 0.50078125 0.0984375 0.06875
2 0.83125 0.42890625 0.1125 0.06171875
2 0.89453125 0.48515625 0.06875 0.06796875
3 0.12734375 0.03203125 0.12578125 0.06328125
12 0.83671875 0.07734375 0.16875 0.1484375
3 0.86484375 0.0828125 0.11484375 0.128125
12 0.1484375 0.565625 0.29609375 0.59453125
12 0.80234375 0.58515625 0.31640625 0.809375