3 0.86015625 0.24609375 0.1328125 0.13046875
3 0.09921875 0.3296875 0.12734375 0.12734375
8 0.83359375 0.01015625 0.0625 0.0203125
8 0.8359375 0.3296875 0.05546875 0.03984375
8 0.10625 0.428125 0.028125 0.0375
2 0.16171875 0.465625 0.10625 0.10546875
2 0.084375 0.509375 0.10234375 0.07109375
2 0.8296875 0.434375 0.11640625 0.0640625
2 0.8953125 0.49375 0.071875 0.0703125
3 0.09609375 0.02734375 0.1328125 0.0546875
12 0.83515625 0.07265625 0.175 0.1453125
3 0.86484375 0.07578125 0.11953125 0.1328125
12 0.1359375 0.57578125 0.271875 0.6171875
12 0.79765625 0.58828125 0.3265625 0.8234375