3 0.623046875 0.073418675 0.6123046875 0.08614457812500001 0.6064453125 0.080271084375 0.5810546875 0.088102409375 0.5244140625 0.08614457812500001 0.5068359375 0.074397590625 0.501953125 0.10278614531250001 0.517578125 0.13411144531250002 0.5517578125 0.15662650625000002 0.568359375 0.155647590625 0.609375 0.12432228906250001 0.6123046875 0.10768072343749999 0.623046875 0.10670180781250001 0.623046875 0.073418675
3 0.5634765625 0.1742469875 0.5361328125 0.1840361453125 0.50390625 0.2202560234375 0.498046875 0.25745481875 0.5078125 0.2633283125 0.5361328125 0.24472891562500002 0.6220703125 0.250602409375 0.609375 0.2045933734375 0.5634765625 0.1742469875
3 0.9560546875 0.06265060312500001 0.9326171875 0.074397590625 0.8583984375 0.06265060312500001 0.8310546875 0.046987951562500005 0.822265625 0.0538403609375 0.83203125 0.1106174703125 0.8662109375 0.1429216875 0.880859375 0.143900603125 0.9130859375 0.1390060234375 0.9375 0.12040662656250001 0.9609375 0.07537650625 0.9560546875 0.06265060312500001
3 0.9267578125 0.2016566265625 0.8701171875 0.1879518078125 0.828125 0.23004518125 0.822265625 0.2789909640625 0.8359375 0.2809487953125 0.9287109375 0.258433734375 0.9560546875 0.27213855468750003 0.962890625 0.25941264999999997 0.9267578125 0.2016566265625
8 0.88127428125 0.3766556296875 0.9036937359375001 0.3699166671875 0.922750321875 0.3564388265625 0.9434883 0.321059390625 0.9440488203124999 0.3008425875 0.88235195625 0.30217795937499997 0.8448426703124999 0.3171283609375 0.8498870984375 0.345768834375 0.88127428125 0.3766556296875
8 0.53040984375 0.34913829375 0.5511478656250001 0.3648624984375 0.5802931375 0.36317774687500004 0.6043940671875 0.34408408437500004 0.610559409375 0.32442885 0.6077569765625 0.30645836875 0.5724463203125 0.3042120484375 0.55721590625 0.2965586578125 0.5343332734375 0.3053351875 0.5180791640625 0.31937463906249997 0.53040984375 0.34913829375
6 0.5078125 0.72929216875 0.5078125 0.72537650625 0.5048828125 0.722439759375 0.4482421875 0.720481928125 0.4384765625 0.716566265625 0.4267578125 0.716566265625 0.423828125 0.7195030124999999 0.4296875 0.739081325 0.4404296875 0.749849396875 0.4541015625 0.7576807234375 0.4599609375 0.7576807234375 0.4619140625 0.7596385546875 0.466796875 0.7586596390625 0.4794921875 0.749849396875 0.4892578125 0.740060240625 0.5029296875 0.7341867468750001 0.5078125 0.72929216875
6 0.64453125 0.6862198796875 0.638671875 0.6744728921875 0.6201171875 0.657831325 0.6064453125 0.65978915625 0.5830078125 0.6754518078125 0.564453125 0.6999246984374999 0.564453125 0.7097138546874999 0.58203125 0.71754518125 0.583984375 0.72146084375 0.58203125 0.72537650625 0.583984375 0.739081325 0.5888671875 0.7439759031250001 0.5947265625 0.745933734375 0.60546875 0.7449548187499999 0.6123046875 0.742018071875 0.62109375 0.73320783125 0.64453125 0.6979668671875 0.64453125 0.6862198796875
9 0.734375 0.643147590625 0.76953125 0.6039909640625 0.7734375 0.560918675 0.748046875 0.4493222890625 0.720703125 0.39058735 0.6923828125 0.3602409640625 0.6298828125 0.34849397656250003 0.6123046875 0.32304216874999997 0.607421875 0.3553463859375 0.5771484375 0.38960843437500003 0.5478515625 0.387650603125 0.5263671875 0.3621987953125 0.4736328125 0.397439759375 0.447265625 0.42778614531250003 0.408203125 0.5902861453125 0.412109375 0.650978915625 0.4248046875 0.6989457828125001 0.5107421875 0.6989457828125001 0.52734375 0.6901355421875001 0.5287284109375 0.6919650046875 0.5498046875 0.7048192765625 0.5966796875 0.66566265 0.6220703125 0.657831325 0.64453125 0.6960090359375 0.6044921875 0.747891565625 0.578125 0.7449548187499999 0.578125 0.793900603125 0.564453125 0.7978162656250001 0.560546875 0.813478915625 0.58203125 0.8350150609375 0.55078125 0.8585090359375 0.50390625 0.9270331328125 0.5263671875 0.9378012046875 0.5771484375 0.9378012046875 0.5888671875 0.9221385546875001 0.6025390625 0.9201807234375 0.6279296875 0.9397590359375 0.724609375 0.9544427703125 0.708984375 0.9094126499999999 0.708984375 0.7625753015625001 0.732421875 0.7018825296875 0.734375 0.643147590625
9 1 0.38862951875 0.9716796875 0.37981927656250003 0.9482421875 0.3524096390625 0.8935546875 0.393524096875 0.8701171875 0.37981927656250003 0.8251953125 0.403313253125 0.791015625 0.4414909640625 0.77734375 0.5139307234375 0.775390625 0.6020331328124999 0.76171875 0.635316265625 0.75 0.805647590625 0.7890625 0.813478915625 0.7890625 0.89570783125 0.796875 0.9054969875 0.822265625 0.89570783125 0.8046875 0.8291415656250001 0.8349609375 0.7596385546875 0.8544921875 0.7811746984375 0.8798828125 0.7890060234375 0.880859375 0.7684487953125 0.8935546875 0.7596385546875 1 0.73320783125 1 0.38862951875
5 0.6088472671875 0.31651041874999997 0.61434639375 0.3202984140625 0.623626128125 0.30824568750000003 0.6298126328125 0.2948154984375 0.6308437 0.28138531875 0.628781540625 0.26623331875 0.6140026796875 0.27346496875000004 0.6129716125 0.285517696875 0.6088472671875 0.3013584125 0.6088472671875 0.31651041874999997
5 0.5026457734374999 0.2958486 0.5088322671875 0.30859004375 0.513643990625 0.3110005921875 0.5157061484375001 0.29894786562500003 0.5126129109375 0.28379587968750003 0.5122752859374999 0.2679967546875 0.505051634375 0.27002133281249996 0.5033331640625 0.281040959375 0.5026457734374999 0.2958486
5 0.9576279781249999 0.3110005921875 0.96037754375 0.29757041875 0.96037754375 0.291716234375 0.9596901656249999 0.2820740609375 0.9586590718749999 0.2710544078125 0.9462612328125 0.27144255 0.9445676421875 0.28620641406249997 0.9445676421875 0.29998095468749997 0.951097809375 0.30962314687500003 0.9576279781249999 0.3110005921875
5 0.84283414375 0.32202023125 0.8469584640625 0.321675871875 0.8455836828125 0.3103118625 0.8401280359375001 0.29211732343749996 0.8328670078125 0.2955042296875 0.833210696875 0.307212596875 0.833210696875 0.31754350625 0.84283414375 0.32202023125
5 0.94921875 0.0375 0.02578125 0.03671875
5 0.61953125 0.04453125 0.02734375 0.0484375