3 0.647705078125 0.07486979218749999 0.641357421875 0.06852213593749999 0.6138509109375 0.07698567656250001 0.552490234375 0.07486979218749999 0.533447265625 0.06217447968749999 0.5281575515625 0.09285481718750001 0.5450846359375 0.126708984375 0.5821126296875 0.1510416671875 0.60009765625 0.1499837234375 0.64453125 0.1161295578125 0.647705078125 0.09814453125 0.6593424484375 0.09708658906249999 0.6593424484375 0.06111653593750001 0.647705078125 0.07486979218749999
3 0.6582845046875 0.2526041671875 0.64453125 0.202880859375 0.5948079421875 0.1700846359375 0.565185546875 0.1806640625 0.5302734375 0.21980794218750002 0.52392578125 0.260009765625 0.5345052078125 0.266357421875 0.565185546875 0.24625651093749998 0.6582845046875 0.2526041671875
3 1 0.05952962187500001 0.9947102859375001 0.06217447968749999 0.914306640625 0.0494791671875 0.8846842453124999 0.0325520828125 0.8751627609374999 0.0399576828125 0.8857421875 0.101318359375 0.9227701828124999 0.13623046875 0.9386393234374999 0.1372884109375 0.9735514328124999 0.1319986984375 1 0.1118977859375 1 0.05952962187500001
3 1 0.21826391875 0.9883626296875001 0.19970703125 0.927001953125 0.1848958328125 0.8815104171874999 0.23038737031249998 0.8751627609374999 0.2832845046875 0.8899739578125001 0.285400390625 0.990478515625 0.2610677078125 1 0.26582845 1 0.21826391875
8 1 0.307053378125 0.9402562859374999 0.3083433671875 0.8996212265624999 0.324500703125 0.9050860234375 0.355453296875 0.9390888046875 0.3888335578125 0.963376546875 0.381550565625 0.9840211828125 0.36698466875 1 0.3397899921875 1 0.307053378125
8 0.645814359375 0.3323905546875 0.642778390625 0.31296933125000004 0.6045251796875 0.3105416671875 0.588025565625 0.302270425 0.563236046875 0.3117554765625 0.5456274265625 0.3269283203125 0.5589856640625 0.3590947703125 0.5814518546875 0.376088378125 0.6130258984375 0.3742676171875 0.6391352390625 0.35363253906250003 0.645814359375 0.3323905546875
6 0.514404296875 0.7815755203125 0.5292154953125 0.7752278640625 0.5345052078125 0.7699381515625 0.5345052078125 0.7657063796875 0.5313313796875 0.7625325515625 0.469970703125 0.7604166671875 0.4593912765625 0.7561848953125 0.4466959640625 0.7561848953125 0.4435221359375 0.7593587234375 0.4498697921875 0.780517578125 0.4615071609375 0.7921549484375 0.476318359375 0.8006184890625001 0.482666015625 0.8006184890625001 0.4847819015625 0.802734375 0.4900716140625 0.8016764328124999 0.5038248703125 0.7921549484375 0.514404296875 0.7815755203125
6 0.647705078125 0.78369140625 0.6572265625 0.774169921875 0.6826171875 0.736083984375 0.6826171875 0.723388671875 0.67626953125 0.710693359375 0.6561686203125 0.6927083328125 0.641357421875 0.69482421875 0.615966796875 0.7117513015625 0.5958658859375 0.7381998703125 0.5958658859375 0.748779296875 0.6149088546875 0.7572428390625 0.6170247390625 0.761474609375 0.6149088546875 0.7657063796875 0.6170247390625 0.780517578125 0.622314453125 0.7858072921875 0.628662109375 0.7879231765625 0.6402994796875 0.786865234375 0.647705078125 0.78369140625
9 0.7647545859375 1 0.75244140625 0.964599609375 0.75244140625 0.805908203125 0.77783203125 0.7403157546875 0.7799479171875 0.6768391921875 0.8180338546874999 0.634521484375 0.822265625 0.5879720046875 0.7947591140625 0.4673665359375 0.76513671875 0.4038899734375 0.7344563796875 0.37109375 0.666748046875 0.3583984375 0.647705078125 0.3308919265625 0.6424153640625 0.3658040359375 0.609619140625 0.40283203125 0.577880859375 0.4007161453125 0.5546061203125 0.3732096359375 0.4974772140625 0.4112955734375 0.4689127609375 0.444091796875 0.4265950515625 0.6197102859375 0.4308268234375 0.685302734375 0.444580078125 0.7371419265625 0.5376790359375 0.7371419265625 0.5556640625 0.7276204421875 0.5571641125 0.7295975968749999 0.5799967453125 0.7434895828125 0.6307779953125 0.701171875 0.6582845046875 0.6927083328125 0.6826171875 0.7339680984375 0.6392415359375 0.7900390625 0.6106770828125 0.786865234375 0.6106770828125 0.8397623703124999 0.5958658859375 0.843994140625 0.5916341140625 0.8609212234375001 0.6149088546875 0.8841959640624999 0.5810546875 0.9095865890624999 0.5302734375 0.983642578125 0.5546061203125 0.9952799484374999 0.609619140625 0.9952799484374999 0.622314453125 0.9783528640625001 0.6371256515625 0.9762369796874999 0.6646321609375 0.9973958328125001 0.6818196609375 1 0.7647545859375 1
9 1 0.37135823437500004 0.952392578125 0.4070638015625 0.927001953125 0.3922526046875 0.8783365890624999 0.4176432296875 0.84130859375 0.4589029953125 0.8264973953125001 0.5371907546875 0.8243815109374999 0.6324055984375 0.8095703125 0.6683756515625 0.796875 0.8524576828124999 0.8391927078125001 0.8609212234375001 0.8391927078125001 0.9497884109375001 0.84765625 0.9603678390624999 0.8751627609374999 0.9497884109375001 0.8561197921874999 0.8778483078124999 0.888916015625 0.802734375 0.9100748703124999 0.8260091140625001 0.9375813796875001 0.83447265625 0.9386393234374999 0.812255859375 0.952392578125 0.802734375 1 0.7909417109375 1 0.37135823437500004
5 0.6655550031249999 0.2694969453125 0.6495445703125 0.27731240156250003 0.64842758125 0.2903381359375 0.6439595390624999 0.30745765937499997 0.6439595390624999 0.323832875 0.6499169265625 0.327926671875 0.6599699718750001 0.3149009375 0.66667201875 0.3003865421875 0.6677890078125001 0.28587215312500003 0.6655550031249999 0.2694969453125
5 0.5315142703125 0.2735907625 0.5296525937500001 0.28549999531250003 0.528907921875 0.30150304375000003 0.53560995625 0.31527309375 0.54082265625 0.31787824531250003 0.5430566609375 0.3048525109375 0.539705653125 0.2884773171875 0.53933989375 0.2714027421875 0.5315142703125 0.2735907625
5 0.8974453234374999 0.3297874890625 0.9019133359374999 0.32941533125 0.9004239890625 0.3171339140625 0.89451370625 0.29747054375 0.8866475906250001 0.301130871875 0.8870199218750001 0.3137844484375 0.8870199218750001 0.3249493625 0.8974453234374999 0.3297874890625
5 0.65546875 0.03046875 0.0296875 0.05234375