3 0.3935546875 0.080271084375 0.3876953125 0.08614457812500001 0.376953125 0.073418675 0.376953125 0.10670180781250001 0.3876953125 0.10768072343749999 0.390625 0.12432228906250001 0.431640625 0.155647590625 0.4482421875 0.15662650625000002 0.482421875 0.13411144531250002 0.498046875 0.10278614531250001 0.4931640625 0.074397590625 0.4755859375 0.08614457812500001 0.4189453125 0.088102409375 0.3935546875 0.080271084375
3 0.4638671875 0.24472891562500002 0.4921875 0.2633283125 0.501953125 0.25745481875 0.49609375 0.2202560234375 0.4638671875 0.1840361453125 0.4365234375 0.1742469875 0.390625 0.2045933734375 0.3779296875 0.250602409375 0.4638671875 0.24472891562500002
3 0.0439453125 0.06265060312500001 0.0390625 0.07537650625 0.0625 0.12040662656250001 0.0869140625 0.1390060234375 0.119140625 0.143900603125 0.1337890625 0.1429216875 0.16796875 0.1106174703125 0.177734375 0.0538403609375 0.1689453125 0.046987951562500005 0.1416015625 0.06265060312500001 0.0673828125 0.074397590625 0.0439453125 0.06265060312500001
3 0.0712890625 0.258433734375 0.1640625 0.2809487953125 0.177734375 0.2789909640625 0.171875 0.23004518125 0.1298828125 0.1879518078125 0.0732421875 0.2016566265625 0.037109375 0.25941264999999997 0.0439453125 0.27213855468750003 0.0712890625 0.258433734375
8 0.11764804375 0.30217795937499997 0.0559511796875 0.3008425875 0.0565117 0.321059390625 0.077249678125 0.3564388265625 0.09630626406250001 0.3699166671875 0.11872571875 0.3766556296875 0.15011290156249998 0.345768834375 0.1551573296875 0.3171283609375 0.11764804375 0.30217795937499997
8 0.48192083593749996 0.31937463906249997 0.46566672656249997 0.3053351875 0.44278409375 0.2965586578125 0.4275536796875 0.3042120484375 0.3922430234375 0.30645836875 0.38944059062499997 0.32442885 0.3956059328125 0.34408408437500004 0.4197068625 0.36317774687500004 0.44885213437499993 0.3648624984375 0.46959015624999995 0.34913829375 0.48192083593749996 0.31937463906249997
6 0.5732421875 0.716566265625 0.5615234375 0.716566265625 0.5517578125 0.720481928125 0.4951171875 0.722439759375 0.4921875 0.72537650625 0.4921875 0.72929216875 0.4970703125 0.7341867468750001 0.5107421875 0.740060240625 0.5205078125 0.749849396875 0.533203125 0.7586596390625 0.5380859375 0.7596385546875 0.5400390625 0.7576807234375 0.5458984375 0.7576807234375 0.5595703125 0.749849396875 0.5703125 0.739081325 0.576171875 0.7195030124999999 0.5732421875 0.716566265625
6 0.435546875 0.7097138546874999 0.435546875 0.6999246984374999 0.4169921875 0.6754518078125 0.3935546875 0.65978915625 0.3798828125 0.657831325 0.361328125 0.6744728921875 0.35546875 0.6862198796875 0.35546875 0.6979668671875 0.37890625 0.73320783125 0.3876953125 0.742018071875 0.39453125 0.7449548187499999 0.4052734375 0.745933734375 0.4111328125 0.7439759031250001 0.416015625 0.739081325 0.41796875 0.72537650625 0.416015625 0.72146084375 0.41796875 0.71754518125 0.435546875 0.7097138546874999
9 0.44921875 0.8585090359375 0.41796875 0.8350150609375 0.439453125 0.813478915625 0.435546875 0.7978162656250001 0.421875 0.793900603125 0.421875 0.7449548187499999 0.3955078125 0.747891565625 0.35546875 0.6960090359375 0.3779296875 0.657831325 0.4033203125 0.66566265 0.4501953125 0.7048192765625 0.4712715890625 0.6919650046875 0.47265625 0.6901355421875001 0.4892578125 0.6989457828125001 0.5751953125 0.6989457828125001 0.587890625 0.650978915625 0.591796875 0.5902861453125 0.552734375 0.42778614531250003 0.5263671875 0.397439759375 0.4736328125 0.3621987953125 0.4521484375 0.387650603125 0.4228515625 0.38960843437500003 0.392578125 0.3553463859375 0.3876953125 0.32304216874999997 0.3701171875 0.34849397656250003 0.3076171875 0.3602409640625 0.279296875 0.39058735 0.251953125 0.4493222890625 0.2265625 0.560918675 0.23046875 0.6039909640625 0.265625 0.643147590625 0.267578125 0.7018825296875 0.291015625 0.7625753015625001 0.291015625 0.9094126499999999 0.275390625 0.9544427703125 0.3720703125 0.9397590359375 0.3974609375 0.9201807234375 0.4111328125 0.9221385546875001 0.4228515625 0.9378012046875 0.4736328125 0.9378012046875 0.49609375 0.9270331328125 0.44921875 0.8585090359375
9 0 0.73320783125 0.1064453125 0.7596385546875 0.119140625 0.7684487953125 0.1201171875 0.7890060234375 0.1455078125 0.7811746984375 0.1650390625 0.7596385546875 0.1953125 0.8291415656250001 0.177734375 0.89570783125 0.203125 0.9054969875 0.2109375 0.89570783125 0.2109375 0.813478915625 0.25 0.805647590625 0.23828125 0.635316265625 0.224609375 0.6020331328124999 0.22265625 0.5139307234375 0.208984375 0.4414909640625 0.1748046875 0.403313253125 0.1298828125 0.37981927656250003 0.1064453125 0.393524096875 0.0517578125 0.3524096390625 0.0283203125 0.37981927656250003 0 0.38862951875 0 0.73320783125
5 0.3870283875 0.285517696875 0.3859973203125 0.27346496875000004 0.371218459375 0.26623331875 0.3691563 0.28138531875 0.3701873671875 0.2948154984375 0.376373871875 0.30824568750000003 0.38565360625 0.3202984140625 0.3911527328125 0.31651041874999997 0.3911527328125 0.3013584125 0.3870283875 0.285517696875
5 0.4877247140625 0.2679967546875 0.48738708906249995 0.28379587968750003 0.4842938515625 0.29894786562500003 0.486356009375 0.3110005921875 0.49116773281250004 0.30859004375 0.49735422656250006 0.2958486 0.49666683593750005 0.281040959375 0.494948365625 0.27002133281249996 0.4877247140625 0.2679967546875
5 0.0554323578125 0.29998095468749997 0.0554323578125 0.28620641406249997 0.0537387671875 0.27144255 0.041340928124999995 0.2710544078125 0.040309834375 0.2820740609375 0.03962245625 0.291716234375 0.03962245625 0.29757041875 0.042372021875 0.3110005921875 0.048902190625 0.30962314687500003 0.0554323578125 0.29998095468749997
5 0.15987196406249998 0.29211732343749996 0.15441631718749999 0.3103118625 0.1530415359375 0.321675871875 0.15716585624999999 0.32202023125 0.166789303125 0.31754350625 0.166789303125 0.307212596875 0.1671329921875 0.2955042296875 0.15987196406249998 0.29211732343749996
5 0.05078125 0.0375 0.02578125 0.03671875
5 0.38046875 0.04453125 0.02734375 0.0484375