3 0.498839728125 0.33415841562500004 0.5461014843750001 0.32913056875 0.520962253125 0.287902228125 0.48275061875 0.277846534375 0.453589109375 0.30499690625000003 0.455600246875 0.35125309374999997 0.498839728125 0.33415841562500004
3 0.41336633593750005 0.34320853906250004 0.421410890625 0.335163984375 0.4113551984375 0.298963490625 0.386215965625 0.27382425781249997 0.3439820546875 0.27382425781249997 0.318842821875 0.300974628125 0.3158261140625 0.33818069375 0.41336633593750005 0.34320853906250004
3 0.0966120046875 0.23963490156249997 0.06242264843749999 0.23963490156249997 0.038288984375 0.24969059374999997 0.02119430625 0.2748298265625 0.01918316875 0.3371751234375 0.0905785890625 0.3321472765625 0.0865563125 0.299969059375 0.092589728125 0.31806930625 0.110689975 0.32209158437499996 0.1639851484375 0.3090191828125 0.1287902234375 0.253712871875 0.0966120046875 0.23963490156249997
3 0.8125773515624999 0.3361695546875 0.7914603953125 0.3653310640625 0.781404703125 0.41762066875 0.78743811875 0.4256652234375 0.8910117578125 0.4166150984375 0.917156559375 0.4045482671875 0.9221844062500001 0.3934870046875 0.9020730203125 0.345219678125 0.8688892328125 0.32209158437499996 0.8326887375 0.3241027234375 0.8125773515624999 0.3361695546875
8 0.8543899406250001 0.4611056265625 0.8485952234375 0.44557239062500004 0.8272600796875 0.446625484375 0.7974962718749999 0.45110116875 0.7953890921875 0.46031580156249996 0.804871365625 0.46373838906250003 0.8077687453125 0.47268976250000005 0.814090246875 0.47742869531250004 0.818568003125 0.48953936562499994 0.829103865625 0.4926986609375 0.8478050250000001 0.4819043984375 0.8543899406250001 0.4611056265625
5 0.8925824499999999 0.43583120312499996 0.89284584375 0.427406390625 0.8890148359375001 0.42119718281249996 0.87941261875 0.42108778906250005 0.8751982765624999 0.427406390625 0.8744080796875 0.4366210265625 0.872827703125 0.45004807187500007 0.8778322421875 0.455050296875 0.886260928125 0.45294409687500004 0.891002075 0.4447825671875 0.8925824499999999 0.43583120312499996
8 0.500552834375 0.3976356515625 0.5087181453125 0.40553391093749996 0.521887978125 0.41237906406249997 0.537691775 0.4131688984375 0.54691065625 0.406323734375 0.5498079953125 0.3989520265625 0.5498079953125 0.38894756875000003 0.5490178359375 0.3755205296875 0.5450668890625 0.3689386453125 0.5347943953125001 0.36630589375 0.52794610625 0.364726240625 0.5200442078124999 0.367095728125 0.5113521109375 0.370781571875 0.49423133124999996 0.370781571875 0.48632943281249996 0.370781571875 0.493441134375 0.384998440625 0.500552834375 0.3976356515625
5 0.478427534375 0.3826289578125 0.47409627031249996 0.37476581875 0.46736488437499996 0.3726245 0.4557754078125 0.3726245 0.457092390625 0.37736345312499997 0.463150521875 0.3886842875 0.46841845312499997 0.394739628125 0.4757935671875 0.39500289843749997 0.478427534375 0.3826289578125
8 0.38121008437500004 0.40966889531249995 0.40578917031249995 0.3699605 0.34363606875 0.3557515421875 0.33705112812500004 0.38783822031250004 0.358631571875 0.40766919062499996 0.38121008437500004 0.40966889531249995
5 0.331177240625 0.33712282656250003 0.316291771875 0.338808965625 0.3214964734375 0.3790584921875 0.337110615625 0.3749513984375 0.331177240625 0.33712282656250003
5 0.07396604531249999 0.376046628125 0.0810883046875 0.386177453125 0.0895802296875 0.38097513906249997 0.0920456046875 0.3639991453125 0.0801449203125 0.347397 0.06985705625000001 0.3555111609375 0.07396604531249999 0.376046628125