3 0.555119346875 0.37664886875 0.5571608046875001 0.32969535156249996 0.5275596734375 0.30213567812500003 0.488771984375 0.3123429640625 0.46325376875 0.3541928390625 0.511228015625 0.3592964828125 0.555119346875 0.37664886875
3 0.6255496234375 0.29805276406250003 0.6000314078125 0.32357097968750004 0.5898241203125 0.3603172109375 0.59798995 0.36848304062500004 0.697000628125 0.363379396875 0.6939384421875 0.3256124375 0.6684202265625 0.29805276406250003 0.6255496234375 0.29805276406250003
3 0.9052292718749999 0.3470477390625 0.9236023875000001 0.3429648234375 0.929726759375 0.3245917078125 0.92564384375 0.357255025 0.998115578125 0.36235866875 0.9960741203125 0.2990734921875 0.9787217343749999 0.2735552765625 0.9542242468750001 0.263347990625 0.919519471875 0.263347990625 0.88685615625 0.277638190625 0.851130653125 0.333778265625 0.9052292718749999 0.3470477390625
3 0.0866049 0.43074748749999997 0.11314384375 0.44299623125 0.21827889374999998 0.4521827890625 0.224403265625 0.444016959375 0.2141959796875 0.3909390703125 0.192760678125 0.3613379390625 0.17234610625 0.3490891953125 0.13559987499999998 0.3470477390625 0.10191582968749999 0.370524496875 0.08150125625 0.419519471875 0.0866049 0.43074748749999997
8 0.18667971562500002 0.5170198593750001 0.191224975 0.504726615625 0.19764177656249998 0.499916240625 0.20058283437500002 0.49082992187499996 0.2102080578125 0.48735573906249996 0.2080691109375 0.478002190625 0.177856603125 0.4734590359375 0.1561998234375 0.47239006562499997 0.1503177484375 0.48815747031249995 0.157001934375 0.5092697921875 0.17598502031250002 0.52022678125 0.18667971562500002 0.5170198593750001
5 0.1299978296875 0.46330375625000003 0.12919571875 0.45395020625000004 0.12491784375 0.44753635 0.11517086875 0.4476473921875 0.1112821078125 0.45395020625000004 0.111549471875 0.46250202500000004 0.1131536734375 0.471588334375 0.11796629375 0.47987290156249995 0.1265220453125 0.4820108546875 0.1316020296875 0.47693321875 0.1299978296875 0.46330375625000003
8 0.4602934515625 0.40128214531250006 0.45949138125 0.41491160312500003 0.45949138125 0.42506688125 0.46243239999999997 0.43254972187499996 0.47179025937499997 0.439498078125 0.4878323046875 0.43869633593749996 0.5012006765625 0.431747990625 0.5094890828125 0.42373066093749995 0.5167079953125 0.41090293906250003 0.5239269078125 0.396471746875 0.515905884375 0.396471746875 0.498527003125 0.396471746875 0.48970386875000005 0.3927303359375 0.48168284687499996 0.39032512812500003 0.47473131718749995 0.3919285953125 0.4643039625 0.39460103750000003 0.4602934515625 0.40128214531250006
5 0.53462160625 0.42105821875 0.5421079015625 0.42079097968749996 0.5474552484374999 0.4146443515625 0.5536047078124999 0.4031528515625 0.5549415453125001 0.3983424578125 0.5431773546875001 0.3983424578125 0.536344490625 0.40051605781250005 0.5319479296875 0.40849773593750005 0.53462160625 0.42105821875
8 0.6306309703124999 0.4359453109375 0.6535498625 0.433915459375 0.6754556375 0.41378552968750004 0.6687714265625 0.3812151328125 0.6056813437499999 0.39563829687499996 0.6306309703124999 0.4359453109375
5 0.675395253125 0.400704434375 0.6912447859374999 0.4048734453125 0.69652795 0.364017140625 0.681418078125 0.3623055828125 0.675395253125 0.400704434375
5 0.9466777609375001 0.380971128125 0.9362348046875001 0.37273464375 0.9241547140625 0.3895870734375 0.926657253125 0.40681898437499997 0.9352771984375 0.41209972656250005 0.9425068296875001 0.4018161765625 0.9466777609375001 0.380971128125