3 0.46484375 0.339683734375 0.5107421875 0.34457831250000004 0.552734375 0.3612198796875 0.5546875 0.316189759375 0.5263671875 0.2897590359375 0.4892578125 0.2995481921875 0.46484375 0.339683734375
3 0.6201171875 0.2858433734375 0.595703125 0.310316265625 0.5859375 0.34555722968749997 0.59375 0.3533885546875 0.6884765625 0.34849397656250003 0.685546875 0.312274096875 0.6611328125 0.2858433734375 0.6201171875 0.2858433734375
3 0.9013671875 0.252560240625 0.8701171875 0.2662650609375 0.8359375 0.320105421875 0.8876953125 0.332831325 0.9052734375 0.3289156625 0.9111328125 0.31129518125 0.9072265625 0.34262048125 0.9765625 0.3475150609375 0.974609375 0.28682228906249996 0.9580078125 0.26234939687500003 0.9345703125 0.252560240625 0.9013671875 0.252560240625
3 0.1865234375 0.33478915625 0.1513671875 0.332831325 0.119140625 0.3553463859375 0.099609375 0.40233433749999997 0.1044921875 0.413102409375 0.1298828125 0.424849396875 0.23046875 0.4336596390625 0.236328125 0.42582831250000003 0.2265625 0.3749246984375 0.2060546875 0.3465361453125 0.1865234375 0.33478915625
8 0.16544823125000002 0.4681606578125 0.171843196875 0.4884081375 0.19000489843749999 0.4989162875 0.20023684375 0.4958407328125 0.2045854328125 0.4840510671875 0.210724584375 0.47943774531249994 0.213538384375 0.4707236359375 0.2227471328125 0.46739176875000005 0.2207007359375 0.458421378125 0.1917955 0.454064328125 0.17107579374999998 0.453039146875 0.16544823125000002 0.4681606578125
5 0.129892215625 0.4522702578125 0.1344965984375 0.4602154578125 0.1426821484375 0.46226583125 0.1475423265625 0.4573961953125 0.1460075390625 0.4443250484375 0.145240134375 0.4353546546875 0.1411473609375 0.42920353437500003 0.1318221296875 0.4293100296875 0.1281016328125 0.4353546546875 0.128357428125 0.44355615937500004 0.129892215625 0.4522702578125
8 0.46124415937499996 0.407654503125 0.46405792031250004 0.4148308171875 0.473010871875 0.4214945421875 0.488358790625 0.42072564375 0.5011487234375 0.41406192812500003 0.5090784968750001 0.40637301875 0.515985053125 0.39407077031250004 0.5228916078125 0.380230734375 0.5152176484375001 0.380230734375 0.4985907375 0.380230734375 0.490149375 0.3766425875 0.482475415625 0.37433590625 0.47582467343749996 0.37587368906249996 0.465848503125 0.3784366578125 0.46201152343749996 0.38484408124999997 0.46124415937499996 0.39791522343749997 0.46124415937499996 0.407654503125
5 0.545401896875 0.3976589203125 0.5512852734375 0.38663815625 0.5525642671875 0.3820248140625 0.5413091031249999 0.3820248140625 0.5347718921875 0.3841093765625 0.5305655671875 0.39176409375 0.5331235546875 0.40381005 0.540285925 0.403553759375 0.545401896875 0.3976589203125
8 0.646905878125 0.416140609375 0.6678638078125 0.3968352796875 0.6614688171875 0.3655990921875 0.60110859375 0.3794314265625 0.6249786687500001 0.41808731093749996 0.646905878125 0.416140609375
5 0.6880243359375 0.3491055953125 0.6735682578125 0.34746415 0.6678060359375 0.3842900359375 0.6829697718750001 0.3882882671875 0.6880243359375 0.3491055953125
5 0.9164430890625 0.3952185328125 0.9233598984375 0.3853562359375 0.9273503578125 0.36536508125 0.917359259375 0.3574659953125 0.9058018656250001 0.373628084375 0.9081961218749999 0.3901541109375 0.9164430890625 0.3952185328125