3 0.423828125 0.4033203125 0.4248046875 0.423828125 0.4677734375 0.416015625 0.498046875 0.4267578125 0.4921875 0.3994140625 0.4736328125 0.376953125 0.4423828125 0.3828125 0.423828125 0.4033203125
3 0.23828125 0.4072265625 0.2197265625 0.38671875 0.1845703125 0.384765625 0.166015625 0.4052734375 0.1640625 0.4423828125 0.177734375 0.4501953125 0.1904296875 0.423828125 0.2119140625 0.4140625 0.236328125 0.4189453125 0.23828125 0.4072265625
3 0.6484375 0.4267578125 0.6533203125 0.435546875 0.736328125 0.4599609375 0.736328125 0.4150390625 0.7080078125 0.390625 0.6826171875 0.392578125 0.6484375 0.4267578125
3 0.9689717234374999 0.457163059375 0.9504170359374999 0.442514621875 0.9347920359374999 0.438608371875 0.9250264109374999 0.438608371875 0.9133076609374999 0.442514621875 0.9045185984374999 0.449350559375 0.8927998484374999 0.470834934375 0.8810810984374999 0.480600559375 0.8810810984374999 0.484506809375 0.8840107859374999 0.487436496875 0.9094014109374999 0.491342746875 0.9367451609374999 0.501108371875 0.9484639109374999 0.508920871875 0.9670185984374999 0.509897434375 0.9728779734374999 0.505991184375 0.9748310984374999 0.500131809375 0.9767842234374999 0.474741184375 0.9689717234374999 0.457163059375
9 0.5126953125 0.5 0.4833984375 0.484375 0.4599609375 0.5 0.4228515625 0.47265625 0.37890625 0.4951171875 0.353515625 0.5712890625 0.361328125 0.6552734375 0.38671875 0.6865234375 0.384765625 0.8544921875 0.474609375 0.8642578125 0.50390625 0.6943359375 0.52734375 0.6533203125 0.51953125 0.5146484375 0.5126953125 0.5
9 0.20703125 0.62734375 0.15546875 0.3125
9 0.6828125 0.72109375 0.1484375 0.440625
9 0.9296875 0.75859375 0.1359375 0.4109375
8 0.21875 0.45859375 0.03828125 0.025
8 0.4625 0.45625 0.05234375 0.0328125
8 0.66875 0.4765625 0.0390625 0.028125
8 0.8984375 0.5234375 0.0453125 0.03203125
6 0.16171875 0.6875 0.03203125 0.04765625
6 0.26328125 0.6890625 0.02578125 0.03828125