3 0.45717592656250006 0.40881283125 0.490492725 0.396990740625 0.5377810843749999 0.40558862500000004 0.5388558203125 0.3830191796875 0.518435846875 0.36044973593749996 0.4840443125 0.3540013234375 0.4636243390625 0.3787202375 0.45717592656250006 0.40881283125
3 0.7720734125 0.3948412703125 0.7957175921874999 0.40558862500000004 0.809689153125 0.43460648125 0.82473545 0.42600859843750005 0.822585978125 0.3851686515625 0.8021660046875001 0.36259920625 0.7634755296875 0.3647486765625 0.7430555562500001 0.38731812187500003 0.7452050265625 0.400214946875 0.7720734125 0.3948412703125
3 0.2862929890625 0.41848545000000004 0.2916666671875 0.40881283125 0.2540509265625 0.371197090625 0.22610780468749997 0.36904761875 0.1949404765625 0.3959160046875 0.1949404765625 0.4453538359375 0.2862929890625 0.41848545000000004
9 0.4990906078125 0.4894179890625 0.47329695781250003 0.47222222187499996 0.44105489374999995 0.4894179890625 0.43353174531249994 0.505539021875 0.4249338625 0.6581514546875 0.4507275125 0.70329034375 0.4829695765625 0.8902943125 0.5818452375 0.8795469578124999 0.5796957671875 0.6946924609375 0.6076388890625 0.6603009265625001 0.6162367718749999 0.5678736765625 0.5882936515625 0.4840443125 0.5399305562500001 0.459325396875 0.4990906078125 0.4894179890625
9 0.778125 0.6296875 0.17109375 0.34453125
9 0.25390625 0.7328125 0.16328125 0.48515625
9 0.02890625 0.7734375 0.0578125 0.45234375
8 0.7640625 0.44375 0.0421875 0.02734375
8 0.49609375 0.44140625 0.05703125 0.03671875
8 0.26953125 0.4640625 0.04296875 0.03046875
8 0.02109375 0.51328125 0.0421875 0.03671875
6 0.82734375 0.69609375 0.03515625 0.05234375
6 0.715625 0.696875 0.028125 0.0421875