3 0.4457325265625 0.4180947578125 0.47958669374999996 0.4060819890625 0.52763776875 0.41481854843750005 0.5287298390624999 0.39188508125 0.5079805109375 0.36895161249999997 0.47303427343750004 0.36239919375 0.452284946875 0.3875168015625 0.4457325265625 0.4180947578125
3 0.7657090046875 0.40389785 0.7897345437500001 0.41481854843750005 0.8039314515625 0.4443044359375 0.8192204296875 0.4355678765625 0.817036290625 0.39406922031249997 0.7962869625 0.371135753125 0.756972446875 0.3733198921875 0.73622311875 0.39625336093749997 0.7384072578125 0.4093581984375 0.7657090046875 0.40389785
3 0.2720934140625 0.42792338750000003 0.2775537640625 0.4180947578125 0.2393313171875 0.3798723125 0.2109375 0.377688171875 0.1792674734375 0.40498991875 0.1792674734375 0.455225134375 0.2720934140625 0.42792338750000003
9 0.488323253125 0.5 0.46211357499999994 0.48252688125 0.42935147812499996 0.5 0.4217069890625 0.5163810484375 0.41297042968750003 0.6714549734374999 0.4391801078125 0.7173219093750001 0.4719422046875 0.9073420703125 0.572412634375 0.8964213703125001 0.5702284953125 0.70858535 0.5986223125000001 0.6736391125 0.6073588703125 0.5797211015625 0.578965053125 0.49453965 0.5298219093750001 0.46942204375 0.488323253125 0.5
9 0.771875 0.64296875 0.1734375 0.35
9 0.2390625 0.74765625 0.16640625 0.49296875
9 0.0203125 0.7796875 0.040625 0.440625
8 0.7578125 0.45390625 0.04296875 0.02734375
8 0.48515625 0.4515625 0.05859375 0.03671875
8 0.2546875 0.47421875 0.04296875 0.03125
8 0.0125 0.5234375 0.025 0.0375
6 0.821875 0.71015625 0.0359375 0.053125
6 0.70859375 0.7109375 0.02890625 0.04296875