3 0.6015625 0.31953125 0.075 0.0453125
3 0.35078125 0.325 0.0875 0.05
3 0.715625 0.30703125 0.0328125 0.01953125
3 0.6515625 0.3171875 0.0421875 0.01875
3 0.85546875 0.3296875 0.03515625 0.01953125
3 0.9078125 0.3015625 0.03203125 0.01953125
3 0.86953125 0.31328125 0.03359375 0.015625
3 0.66953125 0.30078125 0.0265625 0.01484375
8 0.846875 0.34609375 0.01015625 0.0078125
4 0.71953125 0.3234375 0.015625 0.01171875
8 0.6546875 0.33828125 0.01171875 0.01171875
8 0.58515625 0.3609375 0.03671875 0.02109375
8 0.34921875 0.365625 0.0375 0.01953125
12 0.91640625 0.38515625 0.059375 0.1859375
12 0.8765625 0.3921875 0.05234375 0.1734375
12 0.8671875 0.40703125 0.0578125 0.178125
12 0.71875 0.38125 0.0734375 0.17265625
12 0.67109375 0.38203125 0.04765625 0.1765625
12 0.65703125 0.34453125 0.0484375 0.071875
12 0.625 0.52890625 0.17265625 0.46640625
12 0.3234375 0.50625 0.1578125 0.41015625