3 0.39140625 0.31875 0.0734375 0.04453125
3 0.63828125 0.32421875 0.0859375 0.04921875
3 0.2796875 0.30703125 0.03203125 0.01953125
3 0.34296875 0.3171875 0.04140625 0.01875
3 0.1421875 0.3296875 0.034375 0.01953125
3 0.090625 0.3015625 0.03203125 0.01953125
3 0.128125 0.31328125 0.0328125 0.015625
3 0.325 0.30078125 0.02578125 0.0140625
8 0.15 0.3453125 0.009375 0.0078125
4 0.27578125 0.32265625 0.01484375 0.01171875
8 0.33984375 0.3375 0.01171875 0.01171875
8 0.4078125 0.36015625 0.0359375 0.0203125
8 0.63984375 0.3640625 0.03671875 0.01953125
12 0.08203125 0.38359375 0.0578125 0.1828125
12 0.12109375 0.390625 0.0515625 0.17109375
12 0.13046875 0.40546875 0.05625 0.17578125
12 0.2765625 0.3796875 0.071875 0.1703125
12 0.3234375 0.38046875 0.046875 0.1734375
12 0.3375 0.34375 0.04765625 0.07109375
12 0.36875 0.525 0.1703125 0.459375
12 0.66484375 0.503125 0.1546875 0.40390625