3 0.621875 0.26328125 0.08125 0.04921875
3 0.34921875 0.26953125 0.0953125 0.05390625
3 0.74609375 0.25 0.0359375 0.02109375
3 0.6765625 0.2609375 0.04609375 0.02109375
3 0.89765625 0.275 0.03828125 0.021875
3 0.95546875 0.24375 0.03515625 0.02109375
3 0.91328125 0.25703125 0.0359375 0.0171875
3 0.69609375 0.24296875 0.02890625 0.015625
8 0.8890625 0.2921875 0.0109375 0.00859375
4 0.75078125 0.26796875 0.01640625 0.0125
8 0.6796875 0.28359375 0.01328125 0.01328125
8 0.60390625 0.30859375 0.03984375 0.02265625
8 0.34765625 0.31328125 0.040625 0.02109375
12 0.9640625 0.334375 0.0640625 0.20234375
12 0.92109375 0.34296875 0.05703125 0.1890625
12 0.9109375 0.359375 0.0625 0.19453125
12 0.74921875 0.33046875 0.0796875 0.18828125
12 0.69765625 0.33125 0.05234375 0.1921875
12 0.68203125 0.290625 0.053125 0.07890625
12 0.64765625 0.49140625 0.18828125 0.50859375
12 0.31953125 0.4671875 0.17109375 0.446875