12 0.13203125 0.590625 0.13671875 0.81796875
12 0.05390625 0.58359375 0.1078125 0.8328125
12 0.3359375 0.615625 0.1625 0.76875
12 0.51015625 0.6125 0.18828125 0.775
12 0.696875 0.58359375 0.153125 0.8328125
12 0.82421875 0.6140625 0.14375 0.771875
8 0.8 0.34609375 0.04375 0.0390625
8 0.65390625 0.3125 0.02890625 0.06015625
8 0.5078125 0.353125 0.0484375 0.0453125
8 0.34453125 0.3390625 0.04765625 0.0453125
8 0.18046875 0.31328125 0.040625 0.04296875
8 0.08046875 0.31484375 0.04375 0.07109375
7 0.0640625 0.21640625 0.08515625 0.07265625
7 0.146875 0.22109375 0.08984375 0.07421875
7 0.34375 0.25390625 0.05859375 0.0453125
7 0.5078125 0.25703125 0.07265625 0.0578125
7 0.6875 0.2078125 0.08125 0.07578125
7 0.81015625 0.26015625 0.0734375 0.0578125