3 0.56484375 0.6171875 0.16640625 0.2109375
8 0.540625 0.77421875 0.03046875 0.05078125
3 0.17265625 0.82109375 0.17109375 0.2171875
3 0.7421875 0.41484375 0.1359375 0.1640625
2 0.6703125 0.5359375 0.04140625 0.0953125
2 0.48515625 0.8390625 0.0609375 0.065625
2 0.45078125 0.84765625 0.04296875 0.07578125
2 0.284375 0.8859375 0.03828125 0.0984375
2 0.26015625 0.8453125 0.0421875 0.0890625
12 0.75703125 0.665625 0.2765625 0.66875
12 0.553125 0.7546875 0.2703125 0.48984375
12 0.20703125 0.853125 0.3015625 0.29375