12 0.1421875 0.55625 0.15234375 0.8875
12 0.0578125 0.54921875 0.115625 0.9015625
12 0.36640625 0.584375 0.178125 0.83125
12 0.559375 0.58125 0.20703125 0.8375
12 0.76640625 0.54921875 0.1671875 0.9015625
12 0.90546875 0.5828125 0.15859375 0.834375
8 0.87890625 0.29609375 0.0484375 0.04296875
8 0.71796875 0.25859375 0.03203125 0.065625
8 0.55703125 0.303125 0.053125 0.05
8 0.37734375 0.2875 0.05234375 0.05
8 0.196875 0.259375 0.04453125 0.04765625
8 0.0859375 0.2609375 0.0484375 0.078125
7 0.06875 0.15234375 0.09375 0.0796875
7 0.159375 0.1578125 0.09921875 0.08203125
7 0.3765625 0.19453125 0.06484375 0.05
7 0.55703125 0.196875 0.08046875 0.0640625
7 0.75546875 0.14296875 0.0890625 0.08359375
7 0.88984375 0.20078125 0.08046875 0.0640625