3 0.56171875 0.6171875 0.16171875 0.20546875
8 0.5375 0.7703125 0.0296875 0.04921875
3 0.178125 0.81640625 0.1671875 0.21171875
3 0.734375 0.4203125 0.13203125 0.16015625
2 0.6640625 0.53828125 0.03984375 0.09296875
2 0.48359375 0.83359375 0.059375 0.0640625
2 0.45 0.8421875 0.0421875 0.07421875
2 0.28828125 0.8796875 0.0375 0.09609375
2 0.2640625 0.83984375 0.040625 0.0875
12 0.74921875 0.66953125 0.2703125 0.66015625
12 0.55 0.75703125 0.2640625 0.48515625
12 0.21484375 0.853125 0.29453125 0.29296875