3 0.61640625 0.65703125 0.17890625 0.22578125
8 0.58984375 0.82578125 0.0328125 0.05390625
3 0.19453125 0.87578125 0.18359375 0.23203125
3 0.80625 0.440625 0.14609375 0.17578125
2 0.72890625 0.56953125 0.04453125 0.10234375
2 0.53046875 0.89453125 0.065625 0.0703125
2 0.49375 0.90390625 0.04609375 0.08125
2 0.31484375 0.9453125 0.04140625 0.10546875
2 0.2890625 0.90078125 0.0453125 0.09609375
12 0.82265625 0.67578125 0.29765625 0.64765625
12 0.60390625 0.77109375 0.290625 0.4578125
12 0.23203125 0.8765625 0.3234375 0.24609375