12 0.91640625 0.575 0.15 0.85
12 0.9703125 0.56875 0.05859375 0.8625
12 0.69453125 0.603125 0.17578125 0.79375
12 0.50546875 0.59921875 0.2046875 0.8015625
12 0.3 0.56875 0.16484375 0.8625
12 0.1640625 0.60078125 0.15625 0.7984375
8 0.1890625 0.33125 0.04765625 0.0421875
8 0.3484375 0.29453125 0.03125 0.06484375
8 0.50625 0.33828125 0.05234375 0.04921875
8 0.684375 0.3234375 0.05234375 0.04921875
8 0.8625 0.2953125 0.04453125 0.046875
8 0.971875 0.29609375 0.04765625 0.07734375
7 0.971875 0.18984375 0.05625 0.078125
7 0.89921875 0.19453125 0.09765625 0.08125
7 0.68515625 0.23125 0.06328125 0.05
7 0.50703125 0.23359375 0.07890625 0.06328125
7 0.3109375 0.1796875 0.08828125 0.08203125
7 0.178125 0.2375 0.0796875 0.0625