3 0.7421875 0.25234375 0.190625 0.10546875
3 0.11796875 0.29921875 0.2359375 0.109375
3 0.565625 0.15625 0.125 0.0671875
7 0.9015625 0.4703125 0.1796875 0.06328125
7 0.509375 0.3828125 0.18671875 0.05078125
8 0.57265625 0.22890625 0.0859375 0.03671875
8 0.0984375 0.4109375 0.1625 0.0734375
8 0.76328125 0.34921875 0.121875 0.06484375
8 0.50703125 0.4953125 0.1234375 0.0578125
8 0.88671875 0.58515625 0.11875 0.06328125
12 0.5578125 0.246875 0.26015625 0.24921875
12 0.12265625 0.62265625 0.2453125 0.7546875
12 0.4625 0.67734375 0.453125 0.6453125
12 0.8 0.7171875 0.4 0.565625
12 0.7875 0.4140625 0.425 0.43515625