3 0.70078125 0.25390625 0.18046875 0.1
3 0.1109375 0.2984375 0.221875 0.103125
3 0.5328125 0.16328125 0.11796875 0.06328125
7 0.8515625 0.46015625 0.1703125 0.06015625
7 0.4796875 0.37734375 0.1765625 0.0484375
8 0.53984375 0.23203125 0.08125 0.034375
8 0.090625 0.403125 0.15390625 0.06875
8 0.7203125 0.3453125 0.115625 0.0609375
8 0.47734375 0.48359375 0.1171875 0.0546875
8 0.8375 0.56796875 0.1125 0.06015625
12 0.52578125 0.2484375 0.246875 0.23515625
12 0.11484375 0.62421875 0.22890625 0.7515625
12 0.43515625 0.67578125 0.42890625 0.6484375
12 0.76875 0.71328125 0.40546875 0.5734375
12 0.7578125 0.40703125 0.43515625 0.41171875