3 0.96171875 0.07578125 0.0765625 0.1515625
3 0.415625 0.05234375 0.09375 0.1046875
8 0.38125 0.1125 0.02578125 0.03359375
2 0.946875 0.8375 0.096875 0.121875
2 0.70703125 0.0578125 0.02109375 0.0796875
2 0.665625 0.0859375 0.0953125 0.1125
2 0.4125 0.20859375 0.028125 0.05859375
2 0.3640625 0.39765625 0.02890625 0.06484375
2 0.02109375 0.1625 0.0421875 0.0625
2 0.009375 0.421875 0.01875 0.109375
12 0.0671875 0.38515625 0.134375 0.76953125
12 0.2921875 0.01640625 0.2046875 0.0328125
12 0.33125 0.3484375 0.26875 0.696875
12 0.78203125 0.45234375 0.40546875 0.9046875
12 0.9515625 0.5 0.096875 1