3 0.0703125 0.10703125 0.140625 0.2140625
3 0.60234375 0.09140625 0.0859375 0.15859375
3 0.95703125 0.015625 0.05 0.03125
8 0.9875 0.05 0.02421875 0.0328125
8 0.63203125 0.17734375 0.0234375 0.03046875
8 0.27109375 0.03671875 0.0375 0.0421875
8 0.04296875 0.24609375 0.04765625 0.0625
2 0.11875 0.8375 0.0875 0.1109375
2 0.3359375 0.12734375 0.01953125 0.071875
2 0.3734375 0.153125 0.08671875 0.10234375
2 0.60390625 0.26484375 0.025 0.05390625
2 0.64765625 0.43671875 0.0265625 0.059375
2 0.9703125 0.22421875 0.059375 0.0578125
2 0.98203125 0.46171875 0.0359375 0.09921875
12 0.928125 0.38828125 0.14375 0.7765625
12 0.71328125 0.05234375 0.1859375 0.1046875
12 0.6796875 0.359375 0.2453125 0.7046875
12 0.26953125 0.44921875 0.36796875 0.8984375
12 0.08046875 0.5 0.1578125 1