3 0.06875 0.10546875 0.1375 0.2109375
3 0.6109375 0.08828125 0.08828125 0.1625
3 0.9734375 0.0125 0.04921875 0.02421875
8 0.99609375 0.04453125 0.0078125 0.03359375
8 0.64140625 0.17578125 0.0234375 0.03125
8 0.271875 0.03125 0.03828125 0.04296875
8 0.03828125 0.24609375 0.04921875 0.0640625
2 0.11484375 0.8515625 0.08984375 0.11328125
2 0.33828125 0.125 0.0203125 0.07421875
2 0.3765625 0.15078125 0.0890625 0.1046875
2 0.6125 0.26484375 0.02578125 0.0546875
2 0.65703125 0.44140625 0.0265625 0.0609375
2 0.978125 0.22265625 0.04296875 0.05859375
2 0.98984375 0.46484375 0.0203125 0.1015625
12 0.93515625 0.39453125 0.12890625 0.78828125
12 0.72421875 0.05078125 0.190625 0.1015625
12 0.68984375 0.3625 0.25078125 0.721875
12 0.26875 0.45703125 0.37734375 0.9140625
12 0.078125 0.5 0.15546875 1