3 0.3765625 0.22421875 0.1515625 0.19765625
3 0.03671875 0.14765625 0.0734375 0.2953125
3 0.728125 0.178125 0.13359375 0.15625
3 0.06640625 0.18125 0.04296875 0.11953125
7 0.2234375 0.20625 0.0953125 0.09609375
8 0.04609375 0.29921875 0.02734375 0.04140625
8 0.23359375 0.3375 0.040625 0.05859375
8 0.69140625 0.3203125 0.0234375 0.05390625
3 0.103125 0.2171875 0.04921875 0.0859375
8 0.1015625 0.29921875 0.034375 0.03828125
3 0.1734375 0.284375 0.01796875 0.03984375
12 0.20546875 0.3953125 0.08828125 0.26953125
12 0.1 0.2796875 0.06015625 0.225
12 0.05625 0.55390625 0.11171875 0.8921875
12 0.02578125 0.5 0.0515625 1
12 0.1625 0.5796875 0.1953125 0.83984375
3 0.3609375 0.56171875 0.36796875 0.87578125
3 0.6984375 0.54765625 0.3203125 0.90390625