3 0.4359375 0.22109375 0.13515625 0.17578125
3 0.08515625 0.1515625 0.16640625 0.2703125
3 0.74921875 0.1796875 0.11953125 0.1390625
3 0.159375 0.1828125 0.03828125 0.10625
7 0.29921875 0.2046875 0.08515625 0.08515625
8 0.14140625 0.2875 0.02421875 0.03671875
8 0.08046875 0.3703125 0.0515625 0.1078125
8 0.30859375 0.321875 0.0359375 0.05234375
8 0.71640625 0.30625 0.02109375 0.04765625
3 0.1921875 0.2140625 0.04375 0.0765625
8 0.190625 0.2875 0.03125 0.03359375
3 0.2546875 0.27421875 0.015625 0.03515625
12 0.2828125 0.37265625 0.07890625 0.23984375
12 0.1890625 0.2703125 0.05390625 0.2
12 0.128125 0.56015625 0.14609375 0.8796875
12 0.075 0.50390625 0.14609375 0.9921875
12 0.2453125 0.58203125 0.17421875 0.8359375
3 0.42265625 0.5671875 0.32890625 0.865625
3 0.7234375 0.553125 0.2859375 0.89296875