3 0.52421875 0.1953125 0.1484375 0.19296875
3 0.9109375 0.1328125 0.178125 0.265625
3 0.17890625 0.15078125 0.13125 0.15234375
3 0.82890625 0.153125 0.0421875 0.11640625
7 0.67421875 0.178125 0.09375 0.09375
8 0.8484375 0.26875 0.0265625 0.040625
8 0.915625 0.359375 0.05703125 0.11796875
8 0.66484375 0.30625 0.03984375 0.05703125
8 0.215625 0.28984375 0.0234375 0.05234375
3 0.79296875 0.18828125 0.0484375 0.084375
8 0.79453125 0.26875 0.034375 0.0375
3 0.7234375 0.2546875 0.0171875 0.0390625
12 0.69296875 0.3625 0.08671875 0.26328125
12 0.79609375 0.24921875 0.059375 0.21953125
12 0.86484375 0.540625 0.1609375 0.91796875
12 0.921875 0.5 0.15625 1
12 0.734375 0.56640625 0.19140625 0.8671875
3 0.53984375 0.5484375 0.3609375 0.90234375
3 0.2078125 0.53515625 0.31484375 0.9296875