3 0.54453125 0.28671875 0.06953125 0.090625
3 0.22109375 0.28515625 0.12265625 0.18671875
3 0.41015625 0.3140625 0.07421875 0.084375
3 0.85234375 0.16484375 0.13515625 0.13046875
7 0.66328125 0.30546875 0.075 0.05625
7 0.303125 0.30703125 0.053125 0.071875
8 0.84375 0.29453125 0.06015625 0.08984375
8 0.671875 0.396875 0.034375 0.06015625
8 0.540625 0.36796875 0.03828125 0.03515625
8 0.40234375 0.3984375 0.03984375 0.04296875
8 0.28125 0.41171875 0.04140625 0.05234375
8 0.2140625 0.40390625 0.0515625 0.05546875
12 0.8890625 0.54921875 0.221875 0.9015625
12 0.67890625 0.6375 0.1828125 0.725
12 0.54609375 0.59140625 0.16484375 0.7078125
12 0.38046875 0.6328125 0.1453125 0.734375
12 0.271875 0.63515625 0.115625 0.7296875
12 0.1453125 0.59609375 0.26484375 0.8078125