3 0.56171875 0.29765625 0.07265625 0.0953125
3 0.221875 0.29609375 0.12890625 0.19609375
3 0.4203125 0.3265625 0.078125 0.0890625
3 0.88515625 0.16953125 0.1421875 0.1375
7 0.6859375 0.31796875 0.07890625 0.05859375
7 0.3078125 0.31953125 0.05625 0.07578125
8 0.87578125 0.30625 0.06328125 0.09453125
8 0.6953125 0.41328125 0.0359375 0.06328125
8 0.55703125 0.38359375 0.03984375 0.0375
8 0.4125 0.41484375 0.04140625 0.0453125
8 0.284375 0.4296875 0.04296875 0.05546875
8 0.21484375 0.42109375 0.0546875 0.05859375
12 0.903125 0.5484375 0.19296875 0.90234375
12 0.7015625 0.64140625 0.19296875 0.7171875
12 0.56328125 0.61875 0.17265625 0.74375
12 0.38984375 0.63828125 0.153125 0.7234375
12 0.275 0.63984375 0.121875 0.7203125
12 0.140625 0.59921875 0.27734375 0.8015625