3 0.41796875 0.265625 0.0765625 0.1
3 0.77421875 0.2640625 0.13515625 0.2046875
3 0.565625 0.2953125 0.08125 0.09296875
3 0.07890625 0.13125 0.1484375 0.14375
7 0.2875 0.28671875 0.0828125 0.06171875
7 0.68359375 0.28828125 0.05859375 0.0796875
8 0.08828125 0.275 0.06640625 0.0984375
8 0.278125 0.38671875 0.0375 0.06640625
8 0.421875 0.35546875 0.0421875 0.0390625
8 0.57421875 0.38828125 0.04375 0.046875
8 0.7078125 0.403125 0.0453125 0.0578125
8 0.78203125 0.39453125 0.05703125 0.0609375
12 0.08046875 0.528125 0.1609375 0.94375
12 0.27109375 0.625 0.20234375 0.75
12 0.415625 0.60078125 0.18125 0.778125
12 0.59765625 0.621875 0.1609375 0.75625
12 0.71796875 0.6234375 0.128125 0.753125
12 0.85703125 0.58046875 0.2859375 0.8390625