7 0.4765625 0.028125 0.05546875 0.0390625
7 0.56484375 0.1640625 0.1796875 0.19765625
7 0.828125 0.1828125 0.34375 0.34375
7 0.67265625 0.015625 0.04140625 0.03046875
7 0.17578125 0.18125 0.12109375 0.09765625
8 0.66015625 0.053125 0.02265625 0.0203125
8 0.4859375 0.06953125 0.02109375 0.0234375
8 0.60234375 0.3125 0.09140625 0.10078125
8 0.84609375 0.51015625 0.2203125 0.14453125
8 0.196875 0.30703125 0.08828125 0.05859375
12 0.23671875 0.56484375 0.29140625 0.86953125
12 0.83046875 0.50703125 0.33828125 0.98515625
12 0.675 0.121875 0.08046875 0.24140625
12 0.48203125 0.21640625 0.1125 0.4203125
12 0.6484375 0.5328125 0.340625 0.934375