7 0.53984375 0.0125 0.05703125 0.02421875
7 0.446875 0.1453125 0.18515625 0.20546875
7 0.1765625 0.171875 0.353125 0.34375
7 0.8484375 0.16328125 0.125 0.1015625
8 0.3484375 0.03046875 0.0234375 0.02109375
8 0.528125 0.04765625 0.021875 0.02421875
8 0.4078125 0.29921875 0.09375 0.10390625
8 0.15703125 0.50390625 0.22734375 0.15
8 0.8265625 0.29375 0.09140625 0.0609375
12 0.78671875 0.5546875 0.3015625 0.890625
12 0.17421875 0.5 0.3484375 1
12 0.33515625 0.11171875 0.0828125 0.2234375
12 0.53359375 0.20859375 0.1171875 0.4171875
12 0.3609375 0.52109375 0.35078125 0.95703125