3 0.36640625 0.18046875 0.121875 0.109375
2 0.1828125 0.71015625 0.1453125 0.10703125
2 0.11015625 0.7015625 0.07890625 0.08515625
2 0.3265625 0.84140625 0.0546875 0.08359375
2 0.30234375 0.88046875 0.0625 0.0890625
2 0.7140625 0.7359375 0.09453125 0.1203125
2 0.57890625 0.640625 0.01484375 0.04296875
3 0.6421875 0.234375 0.09296875 0.09921875
3 0.9234375 0.14765625 0.10859375 0.1171875
8 0.92421875 0.2953125 0.071875 0.0578125
8 0.63828125 0.346875 0.0515625 0.0546875
8 0.36796875 0.3171875 0.0703125 0.0640625
12 0.3953125 0.56015625 0.31875 0.8796875
12 0.68203125 0.5890625 0.234375 0.82109375
12 0.89453125 0.5421875 0.2109375 0.9125