3 0.34140625 0.215625 0.115625 0.10390625
2 0.1671875 0.71875 0.13828125 0.1015625
2 0.0984375 0.71015625 0.075 0.08046875
2 0.30390625 0.84296875 0.0515625 0.07890625
2 0.28125 0.88046875 0.05859375 0.08515625
2 0.67109375 0.74296875 0.08984375 0.11484375
2 0.54296875 0.65234375 0.0140625 0.04140625
3 0.60234375 0.26640625 0.0875 0.09453125
3 0.86953125 0.184375 0.103125 0.1109375
8 0.86953125 0.325 0.06796875 0.0546875
8 0.59921875 0.37421875 0.04921875 0.05234375
8 0.3421875 0.34609375 0.06640625 0.0609375
12 0.36953125 0.5796875 0.30234375 0.840625
12 0.640625 0.60703125 0.221875 0.7859375
12 0.87109375 0.56328125 0.25703125 0.8734375