2 0.296875 0.57890625 0.09765625 0.096875
2 0.328125 0.64375 0.096875 0.10390625
2 0.46796875 0.59140625 0.13515625 0.196875
2 0.77578125 0.8 0.05234375 0.090625
8 0.93046875 0.46875 0.08125 0.1265625
8 0.30078125 0.403125 0.07734375 0.06953125
8 0.1703125 0.36171875 0.09140625 0.13671875
3 0.12890625 0.146875 0.2578125 0.27734375
3 0.3125 0.278125 0.13203125 0.14296875
3 0.9140625 0.29609375 0.17109375 0.2375
12 0.165625 0.721875 0.33125 0.55625
12 0.26640625 0.4671875 0.5328125 0.9296875
12 0.275 0.60234375 0.278125 0.7953125
12 0.871875 0.58671875 0.25625 0.8265625