2 0.665625 0.56953125 0.09765625 0.09609375
2 0.634375 0.634375 0.09609375 0.103125
2 0.49609375 0.58203125 0.134375 0.1953125
2 0.18984375 0.7890625 0.05234375 0.090625
8 0.0390625 0.459375 0.07734375 0.12578125
8 0.6625 0.39453125 0.0765625 0.06875
8 0.79140625 0.35390625 0.090625 0.13515625
3 0.83515625 0.140625 0.26171875 0.275
3 0.65 0.2703125 0.13125 0.1421875
3 0.06875 0.2890625 0.1375 0.2359375
12 0.815625 0.71796875 0.36796875 0.5640625
12 0.715625 0.46015625 0.56796875 0.9203125
12 0.68671875 0.59921875 0.2765625 0.80078125
12 0.1109375 0.58359375 0.221875 0.83203125