2 0.33515625 0.5796875 0.09140625 0.08984375
2 0.3640625 0.640625 0.08984375 0.096875
2 0.49453125 0.59140625 0.1265625 0.1828125
2 0.78125 0.78515625 0.0484375 0.084375
8 0.925 0.47734375 0.075 0.1171875
8 0.33828125 0.415625 0.071875 0.06484375
8 0.2171875 0.37734375 0.08515625 0.12734375
3 0.1765625 0.17734375 0.2453125 0.2578125
3 0.35 0.29921875 0.1234375 0.13359375
3 0.915625 0.3171875 0.16875 0.22109375
12 0.18359375 0.7265625 0.3671875 0.54453125
12 0.284375 0.47578125 0.5421875 0.865625
12 0.315625 0.615625 0.259375 0.76875
12 0.87578125 0.6015625 0.2484375 0.796875