13 0.1621093765625 0.89453125 0.15625 0.94140625 0.17578125 0.94921875 0.19921875 0.9388020828125001 0.1962890625 0.8880208328125001 0.1650390625 0.8880208328125001 0.1621093765625 0.89453125
13 0.2558593765625 0.868489584375 0.25 0.8893229171874999 0.2548828125 0.8984374984375 0.2949218765625 0.9075520828125001 0.3115234375 0.903645834375 0.3144531234375 0.8893229171874999 0.2919921875 0.8567708328125001 0.2558593765625 0.868489584375
13 0.3105468765625 0.87109375 0.3300781234375 0.8736979171874999 0.3515625 0.85546875 0.3486328125 0.8333333328125001 0.3203125 0.834635415625 0.3105468765625 0.87109375
13 0.3876953125 0.8671874984375 0.39453125 0.865885415625 0.40234375 0.837239584375 0.3837890625 0.8307291671874999 0.3808593765625 0.85546875 0.3876953125 0.8671874984375
13 0.3955078125 0.8697916671874999 0.36328125 0.9075520828125001 0.3701171875 0.921875 0.3847656234375 0.9205729171874999 0.4384765625 0.903645834375 0.4453125 0.88671875 0.4150390625 0.8828125015625 0.3955078125 0.8697916671874999
13 0.5068359375 0.8828125015625 0.4853515625 0.8880208328125001 0.48046875 0.9075520828125001 0.48046875 0.930989584375 0.4980468765625 0.9361979171874999 0.5107421875 0.9322916671874999 0.5175781234375 0.91796875 0.5136718765625 0.88671875 0.5068359375 0.8828125015625
13 0.5234375 0.80859375 0.5214843765625 0.868489584375 0.5332031234375 0.868489584375 0.546875 0.850260415625 0.5449218765625 0.80859375 0.5380859375 0.8046874984375 0.5234375 0.80859375
13 0.6044921875 0.8645833328125001 0.6191406234375 0.86328125 0.61328125 0.8138020828125001 0.5888671875 0.8177083328125001 0.5839843765625 0.8450520828125001 0.6044921875 0.8645833328125001
13 0.6074218765625 0.881510415625 0.60546875 0.9049479171874999 0.6103515625 0.9114583328125001 0.6328125 0.91015625 0.6621093765625 0.8893229171874999 0.6572265625 0.859375 0.6201171875 0.8619791671874999 0.6074218765625 0.881510415625
13 0.7128906234375 0.86328125 0.7177734375 0.8958333328125001 0.7714843765625 0.9205729171874999 0.78125 0.91796875 0.7792968765625 0.89453125 0.7509765625 0.8567708328125001 0.7128906234375 0.86328125
7 0.5615234375 0.3229166671875 0.56640625 0.3294270828125 0.56640625 0.337239584375 0.5693359375 0.341145834375 0.5712890625 0.341145834375 0.5722656234375 0.33984375 0.5722656234375 0.33203125 0.5703125 0.3294270828125 0.5703125 0.321614584375 0.5683593765625 0.319010415625 0.5683593765625 0.31640625 0.5654296875 0.3125 0.5634765625 0.3125 0.5576171875 0.3046874984375 0.5537109375 0.3046874984375 0.5517578125 0.3020833328125 0.5498046875 0.3046874984375 0.5439453125 0.3046874984375 0.5419921875 0.3072916671875 0.5400390625 0.3072916671875 0.53515625 0.3138020828125 0.5332031234375 0.321614584375 0.5292968765625 0.3268229171875 0.5292968765625 0.334635415625 0.53125 0.337239584375 0.5332031234375 0.3450520828125 0.5361328125 0.3489583328125 0.5371093765625 0.34765625 0.5390625 0.3450520828125 0.5390625 0.3294270828125 0.5439453125 0.3229166671875 0.5615234375 0.3229166671875
7 0.6152343765625 0.26953125 0.6152343765625 0.2643229171875 0.6220703125 0.2578125015625 0.6455078125 0.2578125015625 0.6484375 0.26171875 0.6484375 0.272135415625 0.6513671875 0.2760416671875 0.6542968765625 0.272135415625 0.6542968765625 0.26171875 0.65234375 0.259114584375 0.6503906234375 0.2513020828125 0.6455078125 0.24479166718749998 0.6435546875 0.24479166718749998 0.6376953125 0.23958333281250002 0.6279296875 0.23958333281250002 0.6259765625 0.2421874984375 0.6220703125 0.2421874984375 0.6201171875 0.24479166718749998 0.6181640625 0.24479166718749998 0.61328125 0.2513020828125 0.61328125 0.25390625 0.6074218765625 0.2643229171875 0.6074218765625 0.2799479171875 0.6103515625 0.283854165625 0.61328125 0.2825520828125 0.6152343765625 0.2799479171875 0.6152343765625 0.274739584375 0.61328125 0.272135415625 0.6152343765625 0.26953125
7 0.4599609375 0.2760416671875 0.4619140625 0.278645834375 0.4638671875 0.278645834375 0.4677734375 0.283854165625 0.4707031234375 0.28515625 0.47265625 0.29296875 0.4755859375 0.296875 0.4794921875 0.296875 0.48046875 0.29296875 0.4785156234375 0.290364584375 0.4785156234375 0.28515625 0.4765625 0.2825520828125 0.4765625 0.2799479171875 0.4697265625 0.2708333328125 0.4677734375 0.2708333328125 0.4619140625 0.265625 0.4462890625 0.265625 0.43359375 0.2799479171875 0.43359375 0.28515625 0.4316406234375 0.287760415625 0.4316406234375 0.2981770828125 0.4326171875 0.2994791671875 0.43359375 0.2981770828125 0.44140625 0.287760415625 0.4433593765625 0.2799479171875 0.4482421875 0.2760416671875 0.4599609375 0.2760416671875
7 0.3740234375 0.346354165625 0.3759765625 0.3489583328125 0.3798828125 0.3489583328125 0.3808593765625 0.3450520828125 0.3759765625 0.3359374984375 0.3740234375 0.3359374984375 0.3681640625 0.3307291671875 0.3583984375 0.3307291671875 0.3564453125 0.3333333328125 0.3505859375 0.3359374984375 0.34765625 0.3424479171875 0.34765625 0.35546875 0.3486328125 0.3567708328125 0.3496093765625 0.35546875 0.3515625 0.352864584375 0.3515625 0.350260415625 0.3564453125 0.346354165625 0.3740234375 0.346354165625
7 0.3066406234375 0.305989584375 0.3046875 0.303385415625 0.3046875 0.2981770828125 0.2988281234375 0.290364584375 0.2978515625 0.2864583328125 0.2958984375 0.2864583328125 0.2900390625 0.28125 0.2744140625 0.28125 0.2724609375 0.283854165625 0.2685546875 0.283854165625 0.2666015625 0.2864583328125 0.2646484375 0.2864583328125 0.2597656234375 0.29296875 0.2597656234375 0.305989584375 0.2607421875 0.3072916671875 0.2626953125 0.3072916671875 0.2685546875 0.296875 0.2724609375 0.296875 0.2744140625 0.2942708328125 0.2763671875 0.296875 0.2802734375 0.296875 0.2822265625 0.2994791671875 0.2880859375 0.3020833328125 0.2939453125 0.309895834375 0.2958984375 0.309895834375 0.2988281234375 0.3138020828125 0.30078125 0.321614584375 0.3017578125 0.3229166671875 0.3027343765625 0.321614584375 0.3027343765625 0.319010415625 0.3046875 0.31640625 0.3046875 0.30859375 0.3066406234375 0.305989584375
2 0.4375 0.540364584375 0.4423828125 0.5520833328125 0.46484375 0.55859375 0.4863281234375 0.52734375 0.4833984375 0.502604165625 0.4580078125 0.5130208328125 0.4375 0.540364584375
2 0.6748046875 0.46614583437499996 0.6455078125 0.4739583328125 0.6328125 0.48828125 0.6474609375 0.5208333328125 0.66796875 0.5325520828125 0.6796875 0.5169270828125 0.6777343765625 0.49348958437499996 0.68359375 0.4856770828125 0.6748046875 0.46614583437499996
11 0.2207031234375 0.709635415625 0.2470703125 0.6458333328125 0.25390625 0.694010415625 0.25390625 0.85546875 0.2607421875 0.8671874984375 0.2910156234375 0.85546875 0.29296875 0.803385415625 0.2871093765625 0.772135415625 0.3046875 0.5924479171875 0.2988281234375 0.54296875 0.3046875 0.5169270828125 0.2949218765625 0.49088541562500004 0.30859375 0.44661458437499996 0.30859375 0.41015625 0.2822265625 0.377604165625 0.2744140625 0.4114583328125 0.2509765625 0.359375 0.2119140625 0.3671874984375 0.1972656234375 0.384114584375 0.1738281234375 0.46484375 0.1933593765625 0.569010415625 0.1816406234375 0.662760415625 0.18359375 0.7044270828125 0.16015625 0.8294270828125001 0.16015625 0.87109375 0.1669921875 0.8854166671874999 0.1972656234375 0.884114584375 0.2128906234375 0.819010415625 0.20703125 0.787760415625 0.2109375 0.75390625 0.2207031234375 0.709635415625
9 0.3837890625 0.3984374984375 0.3701171875 0.4192708328125 0.3564453125 0.40364583437499996 0.32421875 0.42838541562500004 0.3232421875 0.4479166671875 0.3388671875 0.4505208328125 0.3447265625 0.4635416671875 0.3691406234375 0.46223958437499996 0.3964843765625 0.45703125 0.40625 0.4205729171875 0.4033203125 0.40885416562500004 0.3837890625 0.3984374984375
9 0.3681640625 0.6380208328125 0.3808593765625 0.70703125 0.3828125 0.79296875 0.3769531234375 0.81640625 0.3837890625 0.8307291671874999 0.3994140625 0.8333333328125001 0.4082031234375 0.8111979171874999 0.40234375 0.7486979171875 0.4082031234375 0.5638020828125 0.38671875 0.54296875 0.3847656234375 0.52734375 0.3603515625 0.49739583437499996 0.3369140625 0.49739583437499996 0.3339843765625 0.50390625 0.3203125 0.6080729171875 0.3261718765625 0.6888020828125 0.3203125 0.8294270828125001 0.34375 0.834635415625 0.3535156234375 0.8268229171874999 0.3574218765625 0.805989584375 0.3574218765625 0.7018229171875 0.3681640625 0.6380208328125
9 0.5957031234375 0.5611979171875 0.59765625 0.506510415625 0.5761718765625 0.44921875 0.5761718765625 0.384114584375 0.5712890625 0.3802083328125 0.5654296875 0.3932291671875 0.5498046875 0.3958333328125 0.5400390625 0.3802083328125 0.546875 0.47265625 0.51953125 0.5143229171875 0.5253906234375 0.553385415625 0.5214843765625 0.790364584375 0.5263671875 0.8020833328125001 0.546875 0.80078125 0.5488281234375 0.712239584375 0.5634765625 0.640625 0.578125 0.70703125 0.58203125 0.79296875 0.5859375 0.8138020828125001 0.59375 0.81640625 0.6152343765625 0.8111979171874999 0.609375 0.7825520828125 0.6113281234375 0.69921875 0.5957031234375 0.5611979171875
11 0.6943359375 0.49739583437499996 0.70703125 0.47786458437499996 0.7128906234375 0.44921875 0.7109375 0.399739584375 0.6904296875 0.346354165625 0.6533203125 0.3307291671875 0.6396484375 0.3515625015625 0.6181640625 0.3333333328125 0.5839843765625 0.36328125 0.5761718765625 0.41015625 0.5800781234375 0.46223958437499996 0.6025390625 0.4921874984375 0.625 0.506510415625 0.6328125 0.4856770828125 0.6474609375 0.47135416562500004 0.6748046875 0.46614583437499996 0.6943359375 0.49739583437499996
11 0.6875 0.71484375 0.7011718765625 0.85546875 0.7255859375 0.8619791671874999 0.7480468765625 0.852864584375 0.72265625 0.6888020828125 0.7246093765625 0.6393229171875 0.7089843765625 0.54296875 0.7109375 0.522135415625 0.7001953125 0.4947916671875 0.6826171875 0.5 0.67578125 0.52734375 0.6611328125 0.533854165625 0.6318359375 0.5 0.6201171875 0.5078125015625 0.6044921875 0.4921874984375 0.5996093765625 0.5013020828125 0.5996093765625 0.5950520828125 0.61328125 0.6888020828125 0.62109375 0.852864584375 0.6259765625 0.8619791671874999 0.6484375 0.86328125 0.6640625 0.852864584375 0.65234375 0.7200520828125 0.6591796875 0.6015625015625 0.6875 0.71484375
11 0.515625 0.5143229171875 0.54296875 0.47786458437499996 0.546875 0.4361979171875 0.53125 0.3763020828125 0.5166015625 0.359375 0.4814453125 0.341145834375 0.4521484375 0.3828125015625 0.4423828125 0.3619791671875 0.4228515625 0.3802083328125 0.3964843765625 0.4544270828125 0.3994140625 0.502604165625 0.4228515625 0.5052083328125 0.4404296875 0.5234374984375 0.4775390625 0.502604165625 0.4902343765625 0.5143229171875 0.4638671875 0.559895834375 0.4404296875 0.5546874984375 0.41015625 0.5611979171875 0.4042968765625 0.7513020828125 0.4121093765625 0.805989584375 0.3964843765625 0.87109375 0.4208984375 0.8828125015625 0.4433593765625 0.87890625 0.4433593765625 0.821614584375 0.4550781234375 0.7669270828125 0.45703125 0.7018229171875 0.4638671875 0.684895834375 0.46875 0.69140625 0.4707031234375 0.7643229171875 0.48046875 0.83203125 0.4765625 0.86328125 0.4853515625 0.8880208328125001 0.5136718765625 0.88671875 0.5214843765625 0.85546875 0.5234375 0.60546875 0.5234375 0.555989584375 0.515625 0.5143229171875