13 0.16591866093750002 0.9542450375 0.1913508421875 0.9429150609375 0.18817181875 0.8876814265625 0.1542622453125 0.8876814265625 0.1510832234375 0.8947626640624999 0.1447251765625 0.9457475562500001 0.16591866093750002 0.9542450375
13 0.25281194687499997 0.8664377234374999 0.24645389999999998 0.889097675 0.251752271875 0.899011403125 0.295198915625 0.9089251328125 0.3132133765625 0.90467639375 0.316392396875 0.889097675 0.2920198921875 0.853691496875 0.25281194687499997 0.8664377234374999
13 0.32275044375 0.8296152984375 0.3121537015625 0.8692702156250001 0.333347184375 0.8721027109374999 0.35666001718749996 0.8522752515625 0.3534809953125 0.8281990515625001 0.32275044375 0.8296152984375
13 0.3884502453125 0.8522752515625 0.3958679625 0.8650214734375 0.40328568281250005 0.8636052281250001 0.4117630765625 0.8324477937499999 0.391629265625 0.825366559375 0.3884502453125 0.8522752515625
13 0.40434535625 0.8678539687500001 0.3693761078125 0.9089251328125 0.376793828125 0.92450385 0.3926889390625 0.9230876046875001 0.45097102187500004 0.90467639375 0.45838874062499996 0.8862651796875 0.42553884062499997 0.8820164406250001 0.40434535625 0.8678539687500001
13 0.53680463125 0.920255109375 0.5325659359375 0.8862651796875 0.525148215625 0.8820164406250001 0.5018353828125 0.8876814265625 0.4965370125 0.9089251328125 0.4965370125 0.93441758125 0.5156111484375 0.94008256875 0.5293869124999999 0.9358338265624999 0.53680463125 0.920255109375
13 0.55375941875 0.8664377234374999 0.5685948578125 0.8466102624999999 0.5664755109375 0.8012903578125 0.559057790625 0.797041615625 0.5431626765625001 0.8012903578125 0.5410433296875 0.8664377234374999 0.55375941875 0.8664377234374999
13 0.608862478125 0.8409452749999999 0.6311156359375001 0.8621889812499999 0.6470107484375001 0.860772734375 0.640652703125 0.8069553453125 0.61416085 0.8112040875 0.608862478125 0.8409452749999999
13 0.634294659375 0.8806001921875 0.6321753109375 0.9060926390624999 0.63747368125 0.913173875 0.6618461875 0.911757628125 0.693636415625 0.889097675 0.6883380421874999 0.8565239921875 0.6480704234375 0.8593564875 0.634294659375 0.8806001921875
13 0.812319925 0.9230876046875001 0.8229166671874999 0.920255109375 0.8207973187500001 0.8947626640624999 0.790066765625 0.853691496875 0.748739471875 0.860772734375 0.75403784375 0.8961789093749999 0.812319925 0.9230876046875001
7 0.5760125781250001 0.25320275312499996 0.573893228125 0.2503702609375 0.5717738812500001 0.25320275312499996 0.565415834375 0.25320275312499996 0.5632964874999999 0.25603524843750003 0.5611771390625 0.25603524843750003 0.5558787671875 0.2631164828125 0.55375941875 0.2716139671875 0.5495207234375 0.27727895468749997 0.5495207234375 0.2857764359375 0.5516400703125 0.28860893125 0.55375941875 0.2971064125 0.5569384421875 0.3013551546875 0.5579981171874999 0.2999389078125 0.5601174640625 0.2971064125 0.5601174640625 0.2801114484375 0.565415834375 0.27303021250000004 0.584489971875 0.27303021250000004 0.5897883421875 0.2801114484375 0.5897883421875 0.28860893125 0.5929673656250001 0.2928576734375 0.5950867125 0.2928576734375 0.5961463859375 0.2914414234375 0.5961463859375 0.28294394375 0.5940270390625 0.2801114484375 0.5940270390625 0.2716139671875 0.5919076921875 0.268781471875 0.5919076921875 0.265948978125 0.58872866875 0.26170023750000004 0.58660931875 0.26170023750000004 0.580251275 0.25320275312499996 0.5760125781250001 0.25320275312499996
7 0.6565478171875 0.182390403125 0.65442846875 0.1852228953125 0.650189771875 0.1852228953125 0.6480704234375 0.188055390625 0.6459510749999999 0.188055390625 0.640652703125 0.195136625 0.640652703125 0.1979691203125 0.634294659375 0.209299096875 0.634294659375 0.2262940609375 0.63747368125 0.2305428015625 0.640652703125 0.2291265546875 0.6427720531250001 0.2262940609375 0.6427720531250001 0.2206290734375 0.640652703125 0.21779657812500003 0.6427720531250001 0.2149640859375 0.6427720531250001 0.209299096875 0.650189771875 0.2022178625 0.6756219515625 0.2022178625 0.6788009749999999 0.2064666015625 0.6788009749999999 0.21779657812500003 0.6819799984375 0.2220453203125 0.685159021875 0.21779657812500003 0.685159021875 0.2064666015625 0.683039671875 0.20363410937499998 0.6809203234375001 0.195136625 0.6756219515625 0.188055390625 0.6735026046875 0.188055390625 0.6671445578124999 0.182390403125 0.6565478171875 0.182390403125
7 0.4827612484375 0.21638033124999997 0.47640320156250004 0.21071534375 0.459448415625 0.21071534375 0.44567265 0.2262940609375 0.44567265 0.23195905 0.44355330156250006 0.23479154218749998 0.44355330156250006 0.24612151875000002 0.4446129765625 0.2475377671875 0.44567265 0.24612151875000002 0.45415004375 0.23479154218749998 0.45626939375 0.2262940609375 0.4615677640625 0.2220453203125 0.4742838546875 0.2220453203125 0.47640320156250004 0.22487781562500003 0.4785225515625 0.22487781562500003 0.4827612484375 0.2305428015625 0.48594026875 0.23195905 0.48805961875000003 0.24045653125 0.4912386421875 0.24470527187500002 0.4954773390625 0.24470527187500002 0.4965370125 0.24045653125 0.49441766249999997 0.2376240375 0.49441766249999997 0.23195905 0.492298315625 0.2291265546875 0.492298315625 0.2262940609375 0.4848805953125 0.21638033124999997 0.4827612484375 0.21638033124999997
7 0.35666001718749996 0.3056038953125 0.35666001718749996 0.3027714 0.3619583890625 0.298522659375 0.381032525 0.298522659375 0.383151871875 0.3013551546875 0.38739056875 0.3013551546875 0.3884502453125 0.2971064125 0.383151871875 0.2871926828125 0.381032525 0.2871926828125 0.374674478125 0.281527696875 0.3640777375 0.281527696875 0.3619583890625 0.2843601890625 0.35560034375 0.2871926828125 0.3524213203125 0.29427391875 0.3524213203125 0.30843638906250004 0.3534809953125 0.309852634375 0.3545406703125 0.30843638906250004 0.35666001718749996 0.3056038953125
7 0.2581103171875 0.25603524843750003 0.260229665625 0.25603524843750003 0.2665877109375 0.24470527187500002 0.2708264078125 0.24470527187500002 0.2729457546875 0.2418727765625 0.2750651046875 0.24470527187500002 0.2793038015625 0.24470527187500002 0.2814231484375 0.2475377671875 0.2877811953125 0.2503702609375 0.2941392390625 0.25886774375 0.2962585890625 0.25886774375 0.299437609375 0.2631164828125 0.301556959375 0.2716139671875 0.3026166328125 0.27303021250000004 0.3036763078125 0.2716139671875 0.3036763078125 0.268781471875 0.30579565625 0.265948978125 0.30579565625 0.2574514953125 0.30791500312500003 0.254619003125 0.30579565625 0.2517865078125 0.30579565625 0.24612151875000002 0.299437609375 0.2376240375 0.2983779359375 0.23337529687499997 0.2962585890625 0.23337529687499997 0.2899005421875 0.2277103078125 0.2729457546875 0.2277103078125 0.2708264078125 0.2305428015625 0.2665877109375 0.2305428015625 0.2644683609375 0.23337529687499997 0.2623490140625 0.23337529687499997 0.25705064218749996 0.24045653125 0.25705064218749996 0.254619003125 0.2581103171875 0.25603524843750003
2 0.479582225 0.5293709265625 0.5028950562500001 0.495380996875 0.4997160359375 0.468472303125 0.47216450468750004 0.4798022796875 0.449911346875 0.50954346875 0.45520971875000005 0.5222896921875 0.479582225 0.5293709265625
2 0.7105912015625 0.4585585765625 0.716949246875 0.4500610921875 0.7074121796874999 0.4288173890625 0.6756219515625 0.43731487031249994 0.6618461875 0.4528935875 0.6777413015625 0.48829976249999996 0.699994459375 0.5010459859374999 0.7127105499999999 0.48405102187500004 0.7105912015625 0.4585585765625
11 0.2814231484375 0.3325125875 0.2729457546875 0.3693350125 0.247513575 0.3126851296875 0.20512660624999998 0.3211826109375 0.1892314921875 0.339593825 0.1637993125 0.4274011390625 0.1849927984375 0.5407009031250001 0.17227670625 0.6426706890625 0.1743960546875 0.6879905953125001 0.1489638734375 0.8239503109375 0.1489638734375 0.8692702156250001 0.15638159375 0.884848934375 0.1892314921875 0.8834326875 0.20618627968749997 0.8126203343749999 0.19982823593750002 0.7786304046875 0.2040669328125 0.7418079828125 0.21466367343749998 0.6936555828125 0.24327487812499998 0.624259478125 0.250692596875 0.6766606187499999 0.250692596875 0.8522752515625 0.2581103171875 0.8650214734375 0.290960215625 0.8522752515625 0.293079565625 0.7956253703125 0.286721521875 0.761635440625 0.30579565625 0.56619335 0.299437609375 0.5123759625 0.30579565625 0.48405102187500004 0.295198915625 0.45572608125 0.310034353125 0.40757368281249995 0.310034353125 0.367918765625 0.2814231484375 0.3325125875
9 0.326989140625 0.3877462234375 0.32592946562499997 0.40898992968750003 0.342884253125 0.411822421875 0.3492422984375 0.42598489375000004 0.37573415312499997 0.42456864687499996 0.40540503125000005 0.418903659375 0.4160017734375 0.37924874218750004 0.41282275 0.3665025171875 0.391629265625 0.35517254062500003 0.376793828125 0.3778324921875 0.3619583890625 0.36083753125 0.326989140625 0.3877462234375
9 0.32275044375 0.583188315625 0.3291084890625 0.6709956296875 0.32275044375 0.8239503109375 0.3481826234375 0.8296152984375 0.358779365625 0.8211178171875 0.3630180640625 0.798457865625 0.3630180640625 0.6851581015625 0.374674478125 0.6157619953125 0.3884502453125 0.690823090625 0.3905695921875 0.78429539375 0.384211546875 0.8097878406250001 0.391629265625 0.825366559375 0.40858405312499996 0.8281990515625001 0.4181211203125 0.8041228531250001 0.4117630765625 0.7361429953124999 0.4181211203125 0.5350359140625 0.3948082890625 0.5123759625 0.3926889390625 0.495380996875 0.366197084375 0.4628073171875 0.3407649046875 0.4628073171875 0.3375858828125 0.46988855156250003 0.32275044375 0.583188315625
9 0.57071420625 0.696488078125 0.58660931875 0.6185944906249999 0.6025044328125 0.690823090625 0.6067431296875 0.78429539375 0.6109818265625 0.8069553453125 0.6194592203125 0.8097878406250001 0.6427720531250001 0.8041228531250001 0.6364140078125 0.7729654171875 0.6385333546874999 0.6823256062499999 0.6215785671875 0.532203421875 0.6236979171875 0.47272104531250003 0.600385084375 0.410406175 0.600385084375 0.339593825 0.5950867125 0.33534508281250003 0.58872866875 0.3495075546875 0.5717738812500001 0.352340046875 0.5611771390625 0.33534508281250003 0.5685948578125 0.4358986234375 0.53892398125 0.481218528125 0.545282025 0.5237059390625001 0.5410433296875 0.7814629 0.5463416999999999 0.7942091234374999 0.5685948578125 0.7927928765625001 0.57071420625 0.696488078125
11 0.6777413015625 0.434482375 0.7074121796874999 0.4288173890625 0.7286056624999999 0.4628073171875 0.7423814265625001 0.44156361093749996 0.748739471875 0.410406175 0.7466201234375001 0.3565887890625 0.724366965625 0.298522659375 0.6840993453124999 0.281527696875 0.6692639078125 0.30418765 0.6459510749999999 0.2843601890625 0.608862478125 0.316933871875 0.600385084375 0.367918765625 0.6046237796875 0.42456864687499996 0.6289962874999999 0.4571423265625 0.65336879375 0.47272104531250003 0.6618461875 0.4500610921875 0.6777413015625 0.434482375
11 0.6311156359375001 0.4571423265625 0.6258172656250001 0.46705605625 0.6258172656250001 0.56902584375 0.640652703125 0.6709956296875 0.649130096875 0.8494427578125 0.65442846875 0.8593564875 0.6788009749999999 0.860772734375 0.6957557624999999 0.8494427578125 0.683039671875 0.7049855593750001 0.6904573921875 0.57610708125 0.7211879437500001 0.6993205703125 0.7360233828125 0.8522752515625 0.7625152374999999 0.8593564875 0.7868877453125 0.8494427578125 0.7593362140625 0.6709956296875 0.7614555640625 0.61717824375 0.7445007765625 0.5123759625 0.7466201234375001 0.48971600937500004 0.7349637078125 0.45997482187500005 0.7158895734375 0.4656398109375 0.708471853125 0.495380996875 0.6925767390625001 0.5024622328125 0.6607865140625 0.4656398109375 0.6480704234375 0.47413729375 0.6311156359375001 0.4571423265625
11 0.5071337546875 0.481218528125 0.4785225515625 0.530787175 0.45309037031250005 0.525122184375 0.42024047031249995 0.532203421875 0.413882425 0.7389754875000001 0.42235981875000006 0.798457865625 0.40540503125000005 0.8692702156250001 0.43189688593750003 0.8820164406250001 0.45626939375 0.8777676984375 0.45626939375 0.8154528296875 0.4689854828125 0.755970453125 0.47110483125 0.6851581015625 0.4785225515625 0.666746890625 0.48382092187500003 0.673828125 0.48594026875 0.7531379593749999 0.4965370125 0.82678280625 0.492298315625 0.860772734375 0.5018353828125 0.8876814265625 0.5325659359375 0.8862651796875 0.5410433296875 0.8522752515625 0.5431626765625001 0.5803558203125 0.5431626765625001 0.526538434375 0.534685284375 0.481218528125 0.5643561609375001 0.44156361093749996 0.5685948578125 0.39624370625 0.5516400703125 0.331096340625 0.5357449578125 0.3126851296875 0.4975966859375 0.2928576734375 0.4658064609375 0.338177578125 0.45520971875000005 0.31551762499999997 0.43401623437500003 0.33534508281250003 0.40540503125000005 0.4160711640625 0.40858405312499996 0.468472303125 0.43401623437500003 0.47130479843749995 0.45309037031250005 0.49113225624999995 0.49335798906250006 0.468472303125 0.5071337546875 0.481218528125