13 0.8364074328125 1 0.83416193125 0.9820141843749999 0.8309019890625 0.9747610734375 0.7961292624999999 0.9747610734375 0.7946749343749999 1 0.8364074328125 1
13 0.686377840625 0.996520403125 0.7309303984375 0.9863660484375 0.7363636359375 0.976211696875 0.7298437484375 0.9530017453124999 0.689637784375 0.9399461453125 0.6646448875 0.976211696875 0.6679048296875 0.9921685390625001 0.686377840625 0.996520403125
13 0.658125 0.9152855734375 0.626612215625 0.9138349515625 0.6233522734375 0.9384955250000001 0.6472585234375 0.9588042328125 0.6689914765625 0.9559029875 0.658125 0.9152855734375
13 0.590752840625 0.9384955250000001 0.5874928984375 0.910933709375 0.566846590625 0.9181868171875 0.5755397734375001 0.9501004999999999 0.5831463078125 0.9515511218749999 0.590752840625 0.9384955250000001
13 0.608653796875 1 0.6103125 0.996520403125 0.574453125 0.9544523671875 0.5527201703125 0.9689585875000001 0.519034090625 0.9733104515625 0.526640625 0.9921685390625001 0.551460334375 1 0.608653796875 1
13 0.47991477343750005 1 0.47991477343750005 0.996520403125 0.474481534375 0.9747610734375 0.450575284375 0.9689585875000001 0.4429687484375 0.9733104515625 0.43963660000000004 1 0.47991477343750005 1
13 0.43427556718749993 0.9530017453124999 0.4321022734375 0.8862731328125 0.41580255624999996 0.8819212671875001 0.408196021875 0.8862731328125 0.40602272656249994 0.9326930359375 0.421235796875 0.9530017453124999 0.43427556718749993 0.9530017453124999
13 0.3647301125 0.9268905484375001 0.35929687499999996 0.8964274874999999 0.33213068125 0.892075621875 0.325610796875 0.9471992578125 0.34191051093749997 0.9486498781250001 0.3647301125 0.9268905484375001
13 0.336044034375 1 0.3408238640625 0.9936191609374999 0.33865056718750003 0.9675079640625001 0.32452414687500003 0.9457486359375 0.283231534375 0.942847390625 0.2777982953125 0.976211696875 0.31039772656250003 0.9994216484375 0.320362209375 1 0.336044034375 1
13 0.18000411249999998 1 0.21585937500000002 0.98346480625 0.2212926140625 0.9471992578125 0.178913353125 0.9399461453125 0.1474005671875 0.9820141843749999 0.1459035671875 1 0.18000411249999998 1
7 0.4190625 0.33503678593749997 0.41362926250000004 0.3277836765625 0.411455965625 0.3277836765625 0.4092826703125 0.3248824328125 0.402762784375 0.3248824328125 0.4005894890625 0.3219811890625 0.3984161921875 0.3248824328125 0.3940696015625 0.3248824328125 0.38754971562499996 0.333586165625 0.38537642031249997 0.333586165625 0.3821164765625 0.33793803125 0.3821164765625 0.340839275 0.37994318125 0.34374051875 0.37994318125 0.35244425 0.3777698875 0.35534549531250004 0.3777698875 0.364049225 0.378856534375 0.36549985 0.3810298296875 0.36549985 0.38428977343750004 0.3611479828125 0.38428977343750004 0.35244425 0.3897230109375 0.345191140625 0.4092826703125 0.345191140625 0.414715909375 0.35244425 0.414715909375 0.3698517140625 0.41688920312500005 0.37275295937499997 0.417975853125 0.3742035796875 0.421235796875 0.3698517140625 0.423409090625 0.3611479828125 0.4255823859375 0.35824673749999997 0.4255823859375 0.34954300781250003 0.421235796875 0.34374051875 0.4190625 0.33503678593749997
7 0.32452414687500003 0.2581538234375 0.322350853125 0.255252578125 0.3180042625 0.255252578125 0.315830965625 0.252351334375 0.3049644890625 0.252351334375 0.2984446015625 0.2581538234375 0.2962713078125 0.2581538234375 0.29083806874999996 0.2654069328125 0.28866477343749997 0.27411066562499997 0.2864914765625 0.2770119078125 0.2864914765625 0.28861688281250003 0.2897514203125 0.29296875 0.2930113640625 0.28861688281250003 0.2930113640625 0.2770119078125 0.2962713078125 0.27266004375 0.322350853125 0.27266004375 0.3299573859375 0.279913153125 0.3299573859375 0.285715640625 0.33213068125 0.28861688281250003 0.3299573859375 0.291518128125 0.3299573859375 0.29732061718749997 0.33213068125 0.300221859375 0.335390625 0.30167248125 0.33865056718750003 0.29732061718749997 0.33865056718750003 0.279913153125 0.33213068125 0.2683081765625 0.33213068125 0.2654069328125 0.32669744375 0.2581538234375 0.32452414687500003 0.2581538234375
7 0.5005610796875 0.281363775 0.4940411921875 0.2871662625 0.4918678984375 0.2871662625 0.48426136406250003 0.29732061718749997 0.48426136406250003 0.300221859375 0.48208806875 0.3031231046875 0.48208806875 0.3089255921875 0.47991477343750005 0.31182683437500003 0.48100142031250004 0.3161787015625 0.4853480109375 0.3161787015625 0.4886079546875 0.31182683437500003 0.4907812515625 0.3031231046875 0.4940411921875 0.30167248125 0.49838778437500003 0.2958699953125 0.5005610796875 0.2958699953125 0.502734375 0.29296875 0.515774146875 0.29296875 0.5212073859374999 0.29732061718749997 0.52338068125 0.306024346875 0.5320738640625 0.3176293234375 0.5331605109375 0.31907994687499996 0.534247159375 0.3176293234375 0.534247159375 0.306024346875 0.5320738640625 0.3031231046875 0.5320738640625 0.29732061718749997 0.51794744375 0.281363775 0.5005610796875 0.281363775
7 0.6048792625 0.3538948734375 0.598359375 0.359697359375 0.5961860796875 0.359697359375 0.590752840625 0.3698517140625 0.5918394890625 0.3742035796875 0.5961860796875 0.3742035796875 0.598359375 0.37130233437500004 0.6179190343750001 0.37130233437500004 0.6233522734375 0.3756542015625 0.6233522734375 0.378555446875 0.6255255671875 0.3814566890625 0.626612215625 0.38290731093749997 0.6276988640625001 0.3814566890625 0.6276988640625001 0.3669504703125 0.6244389203125 0.359697359375 0.6179190343750001 0.3567961171875 0.6157457375 0.3538948734375 0.6048792625 0.3538948734375
7 0.7005042625 0.31907994687499996 0.7026775562500001 0.3161787015625 0.707024146875 0.3161787015625 0.70919744375 0.31327745625 0.7113707375 0.3161787015625 0.7157173296875 0.3161787015625 0.722237215625 0.3277836765625 0.7244105109375 0.3277836765625 0.7254971593749999 0.32633305625000003 0.7254971593749999 0.31182683437500003 0.7200639203125 0.304573725 0.717890625 0.304573725 0.7157173296875 0.30167248125 0.7113707375 0.30167248125 0.70919744375 0.2987712375 0.6918110796875 0.2987712375 0.6852911921875 0.304573725 0.6831178984374999 0.304573725 0.6820312515625 0.3089255921875 0.6755113640625 0.3176293234375 0.6755113640625 0.3234318109375 0.67333806875 0.32633305625000003 0.6755113640625 0.32923429843749996 0.6755113640625 0.33793803125 0.6776846578125 0.340839275 0.6776846578125 0.34374051875 0.6787713078125 0.345191140625 0.6798579546875 0.34374051875 0.6820312515625 0.33503678593749997 0.6852911921875 0.330684921875 0.6874644890625 0.330684921875 0.693984375 0.3219811890625 0.7005042625 0.31907994687499996
2 0.522294034375 0.60050060625 0.5277272734375 0.587445009375 0.5049076703125001 0.5569819468749999 0.47665482968750006 0.5453769703125 0.47339488750000003 0.5729387890625001 0.49730113593749997 0.607753715625 0.522294034375 0.60050060625
2 0.2582386359375 0.5613338125 0.271278409375 0.5787412765625 0.2940980109375 0.5656856796875 0.31039772656250003 0.52942013125 0.2962713078125 0.5134632890625 0.263671875 0.5047595578124999 0.2538920453125 0.5265188859375 0.26041193125 0.53522261875 0.2582386359375 0.5613338125
11 0.821122159375 0.503308934375 0.7950426140625 0.41337037343749994 0.7787428984375 0.3945122859375 0.7352769890624999 0.38580855625 0.70919744375 0.443833434375 0.7005042625 0.4061172625 0.6711647734375 0.4423828125 0.6711647734375 0.483000228125 0.686377840625 0.5323213734375 0.6755113640625 0.5613338125 0.6820312515625 0.590346253125 0.6755113640625 0.6454698890625 0.695071021875 0.84565571875 0.6885511359375001 0.8804706453125 0.6907244328125001 0.9384955250000001 0.7244105109375 0.9515511218749999 0.7320170453125 0.9384955250000001 0.7320170453125 0.7586184 0.7396235796874999 0.7049453890625 0.76896306875 0.7760258640625 0.7798295453125 0.8253470125 0.7841761359375 0.8630631828125 0.7776562515625 0.8978781093749999 0.7950426140625 0.9704092093750001 0.8287286921874999 0.9718598296875 0.8363352265625 0.9559029875 0.8363352265625 0.9094830843749999 0.8102556812499999 0.7702233765625001 0.812428978125 0.7238034734375 0.799389203125 0.6193586921875001 0.821122159375 0.503308934375
9 0.5874928984375 0.42932721406249996 0.56575994375 0.4409321890625 0.5625 0.45398778906250004 0.5733664765625 0.494605203125 0.6037926140625001 0.5004076921875 0.6309588078125 0.5018583125 0.6374786921875 0.48735209218750003 0.65486505625 0.48445085 0.653778409375 0.46269151875 0.6179190343750001 0.435129703125 0.602705965625 0.452537165625 0.5874928984375 0.42932721406249996
9 0.5864062515625 0.5729387890625001 0.5842329546875 0.590346253125 0.5603267046875 0.613556203125 0.566846590625 0.8195445250000001 0.5603267046875 0.889174378125 0.570106534375 0.9138349515625 0.5874928984375 0.910933709375 0.5950994328125 0.8949768671875 0.5885795453125 0.8688656703125 0.590752840625 0.773124621875 0.6048792625 0.6962416546875 0.6168323859375 0.7673221328125 0.6168323859375 0.8833718906250001 0.621178978125 0.9065818421875 0.6320454546875001 0.9152855734375 0.658125 0.9094830843749999 0.6516051125 0.7528159125 0.658125 0.6628773515625 0.64291193125 0.5468275953124999 0.6396519890625 0.5395744859375 0.6135724437500001 0.5395744859375 0.5864062515625 0.5729387890625001
9 0.4288423296875 0.879020025 0.43427556718749993 0.8659644265625 0.42992897812499997 0.601951228125 0.4364488640625 0.5584325703124999 0.40602272656249994 0.5120126671875 0.41362926250000004 0.4090185078125 0.402762784375 0.4264259703125 0.38537642031249997 0.423524728125 0.378856534375 0.4090185078125 0.37342329531249996 0.41337037343749994 0.37342329531249996 0.48590147031250003 0.3495170453125 0.5497288375 0.3516903421875 0.6106549609374999 0.334303978125 0.7644208890625 0.3364772734375 0.85726069375 0.3299573859375 0.889174378125 0.3538636359375 0.8949768671875 0.36255681875 0.892075621875 0.366903409375 0.8688656703125 0.37124999999999997 0.773124621875 0.38754971562499996 0.6991429 0.4038494328125 0.778927109375 0.40602272656249994 0.877569403125 0.4288423296875 0.879020025
11 0.287578125 0.3538948734375 0.2462855109375 0.37130233437500004 0.223465909375 0.4307778375 0.2212926140625 0.48590147031250003 0.22781250000000003 0.5178151546875001 0.24193892031250003 0.5395744859375 0.263671875 0.5047595578124999 0.2940980109375 0.51056204375 0.31039772656250003 0.5265188859375 0.319090909375 0.5497288375 0.34408380781250003 0.5337719953125 0.3690767046875 0.5004076921875 0.37342329531249996 0.4423828125 0.3647301125 0.390160421875 0.32669744375 0.3567961171875 0.3027911921875 0.37710482500000003 0.287578125 0.3538948734375
11 0.32452414687500003 0.5511794609375 0.311484375 0.542475728125 0.27888494375 0.5801918984375 0.2625852265625 0.5729387890625001 0.2549786921875 0.542475728125 0.235419034375 0.536673240625 0.223465909375 0.5671363015625001 0.225639203125 0.590346253125 0.208252840625 0.6976922796875 0.2104261359375 0.7528159125 0.18217329531249998 0.93559428125 0.20716619218750001 0.9457486359375 0.2343323859375 0.9384955250000001 0.2495454546875 0.7818283515625 0.28105823750000003 0.6556242421875 0.28866477343749997 0.7876308390625 0.275625 0.93559428125 0.2930113640625 0.9471992578125 0.3180042625 0.9457486359375 0.3234375 0.93559428125 0.33213068125 0.7528159125 0.34734374843750004 0.64837113125 0.34734374843750004 0.54392635 0.34191051093749997 0.5337719953125 0.32452414687500003 0.5511794609375
11 0.50599431875 0.7673221328125 0.5081676140625 0.83985323125 0.5212073859374999 0.9007793546875 0.5212073859374999 0.9646067203124999 0.546200284375 0.9689585875000001 0.5733664765625 0.9559029875 0.5559801125 0.8833718906250001 0.5646732953125 0.8224457671875 0.558153409375 0.6106549609374999 0.5244673296875 0.60340185 0.49838778437500003 0.6092043390625 0.4690482953125 0.5584325703124999 0.483174715625 0.5453769703125 0.5244673296875 0.5685869218749999 0.5440269890625 0.548278215625 0.570106534375 0.5453769703125 0.5733664765625 0.491703959375 0.5440269890625 0.4090185078125 0.522294034375 0.3887098015625 0.5114275562499999 0.411919753125 0.478828125 0.36549985 0.4397088078125 0.38580855625 0.423409090625 0.404666640625 0.40602272656249994 0.471395253125 0.41036931875000004 0.5178151546875001 0.4407954546875 0.5584325703124999 0.4321022734375 0.6048524734375 0.4321022734375 0.65997610625 0.43427556718749993 0.9384955250000001 0.4429687484375 0.9733104515625 0.474481534375 0.9747610734375 0.48426136406250003 0.9471992578125 0.47991477343750005 0.9123843296875 0.4907812515625 0.8369519875 0.4929545453125 0.7557171578124999 0.49838778437500003 0.7484640484375 0.50599431875 0.7673221328125