4 0.67734375 0.4640625 0.10859375 0.115625
4 0.3453125 0.26953125 0.13046875 0.16875
7 0.346875 0.09609375 0.14296875 0.1421875
7 0.61875 0.1734375 0.07890625 0.0546875
7 0.95390625 0.06328125 0.0921875 0.08828125
8 0.9671875 0.2140625 0.06484375 0.071875
8 0.58828125 0.2640625 0.040625 0.040625
8 0.509375 0.50546875 0.0703125 0.07109375
7 0.5 0.31171875 0.17109375 0.128125
7 0.65625 0.2859375 0.11875 0.12734375
12 0.88828125 0.50859375 0.2234375 0.98203125
12 0.6140625 0.228125 0.09609375 0.1671875
12 0.7 0.609375 0.340625 0.78125
12 0.49453125 0.60078125 0.39609375 0.7984375
12 0.259375 0.5109375 0.33828125 0.97734375