4 0.328125 0.45859375 0.1109375 0.11875
4 0.66796875 0.259375 0.1328125 0.17265625
7 0.665625 0.08203125 0.14609375 0.14609375
7 0.38828125 0.1609375 0.08046875 0.05625
7 0.046875 0.0484375 0.09375 0.08984375
8 0.0328125 0.20234375 0.06484375 0.0734375
8 0.4203125 0.25390625 0.04140625 0.04140625
8 0.5 0.50078125 0.071875 0.07265625
7 0.51015625 0.30234375 0.175 0.13046875
7 0.35 0.2765625 0.12109375 0.1296875
12 0.1140625 0.50078125 0.228125 0.9984375
12 0.39296875 0.2171875 0.09765625 0.17109375
12 0.3046875 0.60390625 0.34765625 0.7921875
12 0.51484375 0.59453125 0.4046875 0.8109375
12 0.75546875 0.503125 0.3453125 0.99375