4 0.671875 0.45546875 0.10625 0.11328125
4 0.346875 0.265625 0.12734375 0.16484375
7 0.3484375 0.09609375 0.13984375 0.1390625
7 0.6140625 0.17109375 0.07734375 0.05390625
7 0.9484375 0.0640625 0.10234375 0.08671875
8 0.95625 0.21171875 0.0640625 0.071875
8 0.584375 0.26015625 0.03984375 0.0390625
8 0.50703125 0.49609375 0.06875 0.06953125
7 0.49765625 0.30625 0.16796875 0.125
7 0.65078125 0.28125 0.115625 0.12421875
12 0.884375 0.509375 0.23125 0.98046875
12 0.61015625 0.225 0.09375 0.1640625
12 0.69453125 0.60859375 0.33359375 0.78203125
12 0.49296875 0.6 0.38828125 0.8
12 0.2625 0.51171875 0.33125 0.9765625