7 0.4835170203125 0.2820480515625 0.5048618859375 0.307753696875 0.508063615625 0.27080183125 0.4835170203125 0.2113575265625 0.45576869531249997 0.1952915 0.42161690937499996 0.1985047046875 0.394935825 0.2386697734375 0.390666853125 0.2579490078125 0.403473771875 0.3093602984375 0.41414620468749996 0.2965074765625 0.403473771875 0.2579490078125 0.4066755015625 0.23063676093750002 0.4162806921875 0.2804414484375 0.4301548546875 0.301327284375 0.46217215312500004 0.310966903125 0.4835170203125 0.2820480515625
7 0.043812778125 0.037844421875 0.019266182812499998 0.0876491109375 0.029938615624999998 0.20975092499999998 0.047014509375 0.2675886265625 0.049148996875 0.29972068281249997 0.0576869421875 0.3125735046875 0.084368025 0.307753696875 0.09610769999999999 0.293294271875 0.108914621875 0.20653771718749997 0.1409319203125 0.17119245624999999 0.13452846093749998 0.148700015625 0.060888671875 0.02820480625 0.043812778125 0.037844421875
7 0.0730388265625 0 0.0726283484375 0.00089255625 0.0886369984375 0.005712365625 0.1430664078125 0.10371513750000001 0.19109235468750002 0.17601226406249998 0.2028320328125 0.180832071875 0.210302734375 0.182438678125 0.22417689687500003 0.1615528390625 0.22204241093750002 0.1229943703125 0.242320034375 0.09246891874999999 0.272202846875 0.0860425046875 0.307421875 0.1133547546875 0.307421875 0.084435903125 0.288211496875 0.042664231250000004 0.26793387343749997 0.015351984374999999 0.2437133765625 0 0.0730388265625 0
2 0.6798897875 0.7447496640625 0.702301896875 0.752782678125 0.7236467640625001 0.73671665 0.72578125 0.7110110046875 0.7140415734375 0.6869119625 0.6862932484375001 0.664419521875 0.6724190859375 0.6885185640625 0.6724190859375 0.7302902390625 0.6798897875 0.7447496640625
2 0.5400809140625 0.6885185640625 0.5785016749999999 0.714224209375 0.6211914078125 0.7110110046875 0.6211914078125 0.6949449765625 0.6041155140625001 0.6563865078125 0.6265276234375 0.6419270828125 0.6243931359375 0.6290742609375 0.5443498890625 0.6371072734375 0.5400809140625 0.6885185640625
2 0.6243931359375 0.74153645625 0.5859723765625 0.7286836343750001 0.555022321875 0.73671665 0.5582240515625 0.7511760749999999 0.5603585375 0.74153645625 0.567829240625 0.7431430625 0.5614257828125 0.7624222953124999 0.568896484375 0.8379326296875 0.5859723765625 0.8379326296875 0.6051827578125 0.8539986562499999 0.6713518406250001 0.8539986562499999 0.7087053578125 0.9262957828125 0.7279157359374999 0.9262957828125 0.7279157359374999 0.881310903125 0.7129743296875 0.8395392312500001 0.7215122765624999 0.817046790625 0.7140415734375 0.8058005703125 0.6841587609374999 0.7768817203125 0.6243931359375 0.74153645625
2 0.6978783015625 1 0.6681501109375 0.9616410453125 0.6681501109375 0.945575015625 0.6991001671875 0.940755209375 0.7001674109375 0.9327221937499999 0.6798897875 0.905409946875 0.6393345421875 0.898983534375 0.581703403125 0.94718161875 0.5891741078125 0.9809202796875001 0.5879670234375001 1 0.6978783015625 1
4 0.45470145000000006 0.4153960859375 0.4856515078125 0.41700268749999997 0.505929128125 0.39933005625 0.510198103125 0.367198 0.5005929124999999 0.3366725484375 0.45897042499999996 0.3639847953125 0.45043247812500004 0.380050821875 0.45470145000000006 0.4153960859375
4 0.2625976578125 0.3189999171875 0.2327148421875 0.41218287968749995 0.2369838171875 0.453954553125 0.291413225 0.45234795156249996 0.3212960375 0.42664230625000005 0.3501116078125 0.380050821875 0.3522460921875 0.3125735046875 0.3276994984375 0.2499159953125 0.2935477125 0.27240843593749997 0.2625976578125 0.3189999171875
2 0.4290876109375 0.29972068281249997 0.4760463171875 0.347918765625 0.5005929124999999 0.333459340625 0.505929128125 0.31578670937500003 0.4290876109375 0.29972068281249997
2 0.2508579796875 0.2402763765625 0.26153041250000003 0.23706317187499998 0.28607700937499997 0.27080183125 0.3180943078125 0.24188298125 0.3106236046875 0.19207829375000002 0.2807407921875 0.182438678125 0.240185546875 0.1985047046875 0.2028320328125 0.190471690625 0.21670619531250002 0.2209971453125 0.2508579796875 0.2402763765625
5 0.4203125 0.32265625 0.0265625 0.0484375
11 0.5650523796875 1 0.553955078125 0.9632476484374999 0.5368791859375001 0.9728872640624999 0.5069963734375 0.9696740593750001 0.4749790734375 0.9857400859375 0.404541015625 0.9857400859375 0.35117885000000004 0.9728872640624999 0.3597101875 1 0.5650523796875 1
11 0.4856515078125 0.4459215375 0.45576869531249997 0.4202158921875 0.449365234375 0.45234795156249996 0.39600307031250004 0.375231015625 0.3810616625 0.4105762765625 0.3501116078125 0.43788852343749995 0.3415736609375 0.46680737656250004 0.330901228125 0.5632035453124999 0.328766740625 0.691731771875 0.3341029578125 0.7029779890625 0.372523715625 0.699764784375 0.48885323593749996 0.7174374171875 0.5358119421875001 0.7013713874999999 0.5368791859375001 0.6419270828125 0.597712053125 0.6274676593749999 0.571030971875 0.606581821875 0.5486188609375 0.5728431609375 0.508063615625 0.4796601984375 0.4856515078125 0.4459215375
11 0.2857707875 1 0.275404575 0.9777070718750001 0.270068359375 0.9343287953124999 0.2892787390625 0.9279023875 0.2935477125 0.9118363578125 0.3084891171875 0.905409946875 0.3212960375 0.9279023875 0.3341029578125 0.8861307125 0.34050641718749997 0.895770328125 0.3575823109375 0.895770328125 0.34584263437499996 0.8877373140625 0.361851284375 0.8797043015625 0.3703892296875 0.8893439187500001 0.3789271765625 0.8797043015625 0.3853306359375 0.8893439187500001 0.410944475 0.8861307125 0.42588588281249995 0.8732778890624999 0.46857561406250003 0.8732778890624999 0.5005929124999999 0.8604250671875 0.5069963734375 0.866851478125 0.5283412390625 0.8507854515625001 0.553955078125 0.8475722453125 0.555022321875 0.7656354999999999 0.5496861046875 0.7511760749999999 0.4728445875 0.7479628703125 0.4600376671875 0.7286836343750001 0.434423828125 0.738323253125 0.361851284375 0.7318968406249999 0.2743373328125 0.699764784375 0.2369838171875 0.66923933125 0.17721819218749998 0.524645078125 0.14413365 0.478053596875 0.12492327031249999 0.46841397812499996 0.10998186406249999 0.4298555109375 0.0224679125 0.372017809375 0 0.410204690625 0 1 0.2857707875 1