7 0.5400914953125 0.2193023984375 0.50800256875 0.216283934375 0.4819303171875 0.23137626249999999 0.45886640156249997 0.28721788125000003 0.46187473749999997 0.32193024062500003 0.4819303171875 0.2977825125 0.5019858953125 0.3249487078125 0.5320692640625 0.3158933078125 0.5451053890625001 0.2962732796875 0.5541304015625 0.2494870578125 0.5571387375 0.27514401718750003 0.5471109484375 0.3113656078125 0.5571387375 0.323439471875 0.569172084375 0.27514401718750003 0.5651609703125 0.257033221875 0.5400914953125 0.2193023984375
7 0.879030778125 0.0593237078125 0.8098390296875 0.1725161765625 0.8038223578125001 0.1936454390625 0.8339057249999999 0.2268485625 0.8459390734375001 0.30834714375 0.8569696406249999 0.32193024062500003 0.8820391140625 0.3264579390625 0.8900613453125 0.314384075 0.8920669046875 0.2841994171875 0.9081113671875001 0.2298670296875 0.9181391578125 0.11516532500000001 0.8950752421875 0.068379103125 0.879030778125 0.0593237078125
7 0.7590528671875 0 0.6844916624999999 0.04724984375 0.6654388625000001 0.072906803125 0.6473888421875 0.1121468578125 0.6473888421875 0.139313053125 0.6804805468749999 0.113656090625 0.7085583578125 0.11969302500000001 0.7276111578125 0.14836845 0.7256056 0.184590040625 0.7386417265625 0.2042100703125 0.745661178125 0.2027008359375 0.756691746875 0.1981731359375 0.8018167984375 0.1302576546875 0.852958525 0.03819444375 0.868000209375 0.0336667453125 0.8589752 0.014046717187499998 0.8325315468750001 0 0.7590528671875 0
2 0.3044384421875 0.7188585078124999 0.3044384421875 0.67961845 0.2914023171875 0.6569799546875 0.265330065625 0.6781092171875 0.254299496875 0.7007477125 0.256305053125 0.7248954390625 0.27636063437499997 0.7399877671875 0.2974189921875 0.7324416031250001 0.3044384421875 0.7188585078124999
2 0.42477191562499994 0.6313229953125 0.349563496875 0.62377683125 0.3475579375 0.6358506937499999 0.3686162953125 0.6494337906250001 0.3525718328125 0.6856553812499999 0.3525718328125 0.7007477125 0.392682990625 0.7037661765625 0.42878303281249996 0.67961845 0.42477191562499994 0.6313229953125
2 0.270343959375 0.9029849265625 0.3054412234375 0.8350694437499999 0.3676135171875 0.8350694437499999 0.3856635390625 0.819977115625 0.4017080015625 0.819977115625 0.40872745312500003 0.7490431671875 0.40271077968749996 0.730932371875 0.4097302328125 0.7294231359375 0.411735790625 0.7384785359375 0.414744128125 0.7248954390625 0.3856635390625 0.7173492734375 0.349563496875 0.7294231359375 0.2934078765625 0.7626262625 0.265330065625 0.7897924546875 0.2583106125 0.8003570859375 0.26633284375 0.8214863484375 0.2522939390625 0.8607264046875001 0.2522939390625 0.9029849265625 0.270343959375 0.9029849265625
2 0.3855471234375 1 0.3826552015625 0.9542988484375 0.3896746546875 0.9226049546875 0.335524590625 0.8773279671875001 0.2974189921875 0.8833648984375 0.278366190625 0.9090218578125 0.2793689703125 0.9165680249999999 0.3084495609375 0.921095721875 0.3084495609375 0.936188053125 0.2803717484375 0.97240964375 0.2821457984375 1 0.3855471234375 1
4 0.4568608421875 0.3777718578125 0.46087195937500003 0.40795651718750003 0.4799247578125 0.42455808125 0.5090053484375 0.4230488484375 0.5130164625 0.389845721875 0.50499423125 0.37475339375 0.4658858546875 0.349096434375 0.4568608421875 0.3777718578125
4 0.7135722515625 0.45927043906250004 0.71758336875 0.42003038125 0.6895055578125 0.332494871875 0.66042496875 0.28872711562500003 0.6283360421874999 0.267597853125 0.605272128125 0.3264579390625 0.607277684375 0.389845721875 0.6343527171875001 0.4336134796875 0.6624305265625 0.4577612078125 0.7135722515625 0.45927043906250004
2 0.46087195937500003 0.3294764046875 0.4658858546875 0.3460779671875 0.48894976874999996 0.35966106249999996 0.5330720437500001 0.314384075 0.46087195937500003 0.3294764046875
2 0.667444421875 0.28721788125000003 0.6905083375000001 0.25552399062500003 0.7005361265625 0.25854245468750003 0.7326250515625 0.24043166093749999 0.745661178125 0.211756234375 0.710563915625 0.2193023984375 0.6724583156249999 0.2042100703125 0.6443805046875 0.2132654671875 0.637361053125 0.2600516890625 0.667444421875 0.28721788125000003
5 0.54140625 0.3359375 0.025 0.0453125
11 0.5985057640625 1 0.5972498953125001 0.9754281078125 0.60627490625 0.9467526812499999 0.5561359578125 0.9588265453125 0.4899525484375 0.9588265453125 0.4598691796875 0.9437342171875001 0.43179136875 0.9467526812499999 0.41574690625 0.9376972859375 0.400705221875 0.987501971875 0.4028905 1 0.5985057640625 1
11 0.4769164234375 0.70678464375 0.5862193265625 0.69018308125 0.62231936875 0.6932015453125 0.6273332640625 0.6826369171875 0.6253277046875 0.5618982796875 0.615299915625 0.471344303125 0.607277684375 0.44417810781249994 0.5781970953125 0.41852114843750005 0.5641581890625 0.385318025 0.51401924375 0.4577612078125 0.50800256875 0.42757654531249994 0.4799247578125 0.45172427343750005 0.45886640156249997 0.4834181671875 0.42076080156250006 0.5709536765625 0.3997024421875 0.6026475703124999 0.3746329703125 0.6222675984375 0.43179136875 0.6358506937499999 0.43279414687499995 0.6916923125000001 0.4769164234375 0.70678464375
11 1 0.591792740625 0.9462169671874999 0.4351227125 0.9151308203124999 0.3822995578125 0.8329029468750001 0.43663194375 0.8188640421875 0.4728535359375 0.8008140203125 0.481908934375 0.769727871875 0.5256766890625 0.7135722515625 0.6615076546875 0.678474990625 0.69018308125 0.596247115625 0.720367740625 0.5280581468750001 0.726404671875 0.503991453125 0.7173492734375 0.49195810624999997 0.7354600703124999 0.419758021875 0.7384785359375 0.414744128125 0.7520616312499999 0.41574690625 0.8290325125000001 0.4398136 0.8320509796875 0.4598691796875 0.8471433078124999 0.4658858546875 0.8411063765625 0.495969221875 0.853180240625 0.5360803796875 0.853180240625 0.5501192859375 0.865254103125 0.5741859796875 0.8682725703124999 0.580202653125 0.859217171875 0.588224884375 0.8682725703124999 0.596247115625 0.859217171875 0.6112888 0.8667633359375 0.60025823125 0.8743095000000001 0.6163026953124999 0.8743095000000001 0.62231936875 0.865254103125 0.6343527171875001 0.9044941609375 0.6463860640625 0.8833648984375 0.66042496875 0.88940183125 0.664436084375 0.9044941609375 0.6824861062500001 0.910531090625 0.6774722109375 0.9512803812499999 0.6548126828124999 1 1 1 1 0.591792740625