7 0.5126953125 0.2197265640625 0.4873046875 0.234375 0.46484375 0.28857421875 0.4677734375 0.322265625 0.4873046875 0.298828125 0.5068359375 0.3251953140625 0.5361328125 0.31640625 0.5488281234375 0.29736328125 0.5576171875 0.251953125 0.5605468765625 0.27685546875 0.55078125 0.31201171875 0.5605468765625 0.32373046875 0.5722656234375 0.27685546875 0.5683593765625 0.25927734375 0.5439453125 0.22265625 0.5126953125 0.2197265640625
7 0.9121093765625 0.12158203125 0.8896484375 0.076171875 0.8740234375 0.06738281406249999 0.8066406234375 0.17724609375 0.80078125 0.19775390625 0.8300781234375 0.22998046875 0.8417968765625 0.30908203125 0.8525390625 0.322265625 0.8769531234375 0.32666015625 0.8847656234375 0.31494140625 0.88671875 0.28564453125 0.90234375 0.23291015625 0.9121093765625 0.12158203125
7 0.86328125 0.04248046875 0.8544921875 0.0234375 0.8212890625 0.005859375 0.7587890625 0.008789064062500001 0.6845703125 0.0556640640625 0.6660156234375 0.08056640625 0.6484375 0.11865234375 0.6484375 0.14501953125 0.6806640625 0.12011718593750001 0.7080078125 0.1259765640625 0.7265625 0.15380859375 0.7246093765625 0.18896484375 0.7373046875 0.2080078140625 0.7441406234375 0.20654296875 0.7548828125 0.2021484359375 0.7988281234375 0.13623046875 0.8486328125 0.046875 0.86328125 0.04248046875
2 0.3017578125 0.6474609359375 0.2763671875 0.66796875 0.265625 0.68994140625 0.2675781234375 0.71337890625 0.2871093765625 0.72802734375 0.3076171875 0.720703125 0.3144531234375 0.70751953125 0.3144531234375 0.66943359375 0.3017578125 0.6474609359375
2 0.3564453125 0.626953125 0.3769531234375 0.64013671875 0.3613281234375 0.67529296875 0.3613281234375 0.68994140625 0.4003906234375 0.69287109375 0.4355468765625 0.66943359375 0.4316406234375 0.62255859375 0.3583984375 0.615234375 0.3564453125 0.626953125
2 0.4091796875 0.8056640640625 0.4160156234375 0.73681640625 0.41015625 0.71923828125 0.4169921875 0.7177734359375 0.4189453125 0.7265625 0.421875 0.71337890625 0.3935546875 0.7060546859375 0.3583984375 0.7177734359375 0.3037109375 0.75 0.2763671875 0.7763671859375 0.26953125 0.78662109375 0.27734375 0.80712890625 0.2636718765625 0.84521484375 0.2636718765625 0.88623046875 0.28125 0.88623046875 0.3154296875 0.8203125 0.3759765625 0.8203125 0.3935546875 0.8056640640625 0.4091796875 0.8056640640625
2 0.3076171875 0.8671875 0.2890625 0.89208984375 0.2900390625 0.8994140640625 0.3183593765625 0.90380859375 0.3183593765625 0.91845703125 0.2910156234375 0.95361328125 0.2939453125 0.9990234359375 0.39453125 0.99755859375 0.390625 0.93603515625 0.3974609375 0.9052734359375 0.3447265625 0.861328125 0.3076171875 0.8671875
4 0.4628906234375 0.37646484375 0.4667968765625 0.40576171875 0.4853515625 0.421875 0.5136718765625 0.42041015625 0.5175781234375 0.38818359375 0.5097656234375 0.37353515625 0.4716796875 0.3486328140625 0.4628906234375 0.37646484375
4 0.6298828125 0.26953125 0.6074218765625 0.32666015625 0.609375 0.38818359375 0.6357421875 0.4306640640625 0.6630859375 0.4541015640625 0.7128906234375 0.45556640625 0.7167968765625 0.41748046875 0.6894531234375 0.33251953125 0.6611328125 0.2900390640625 0.6298828125 0.26953125
2 0.4941406234375 0.35888671875 0.5371093765625 0.31494140625 0.4667968765625 0.32958984375 0.4716796875 0.345703125 0.4941406234375 0.35888671875
2 0.7441406234375 0.21533203125 0.7099609375 0.22265625 0.6728515625 0.2080078140625 0.6455078125 0.216796875 0.6386718765625 0.26220703125 0.66796875 0.28857421875 0.6904296875 0.2578125 0.7001953125 0.2607421859375 0.7314453125 0.2431640640625 0.7441406234375 0.21533203125
5 0.5453125 0.3359375 0.02421875 0.04453125
11 0.4951171875 0.9404296859375 0.4658203125 0.92578125 0.4384765625 0.9287109359375 0.4228515625 0.919921875 0.4082031234375 0.96826171875 0.4130859375 0.99609375 0.6015625 0.99462890625 0.5996093765625 0.95654296875 0.6083984375 0.9287109359375 0.5595703125 0.9404296859375 0.4951171875 0.9404296859375
11 0.6269531234375 0.55517578125 0.6171875 0.46728515625 0.609375 0.44091796875 0.5810546875 0.416015625 0.5673828125 0.3837890640625 0.5185546875 0.4541015640625 0.5126953125 0.4248046859375 0.4853515625 0.4482421859375 0.46484375 0.47900390625 0.4277343765625 0.56396484375 0.4072265625 0.5947265640625 0.3828125 0.61376953125 0.4384765625 0.626953125 0.4394531234375 0.68115234375 0.4824218765625 0.69580078125 0.5888671875 0.6796875 0.6240234375 0.6826171859375 0.62890625 0.67236328125 0.6269531234375 0.55517578125
11 1 0.60791015625 0.9394531234375 0.43212890625 0.9091796875 0.380859375 0.8291015625 0.43359375 0.8154296875 0.46875 0.7978515625 0.4775390640625 0.7675781234375 0.52001953125 0.7128906234375 0.65185546875 0.6787109375 0.6796875 0.5986328125 0.708984375 0.5322265625 0.71484375 0.5087890625 0.7060546859375 0.4970703125 0.7236328140625 0.4267578125 0.7265625 0.421875 0.73974609375 0.4228515625 0.814453125 0.4462890625 0.8173828140625 0.4658203125 0.83203125 0.4716796875 0.826171875 0.5009765625 0.837890625 0.5400390625 0.837890625 0.5537109375 0.849609375 0.5771484375 0.8525390640625 0.5830078125 0.84375 0.5908203125 0.8525390640625 0.5986328125 0.84375 0.61328125 0.85107421875 0.6025390625 0.8583984359375 0.6181640625 0.8583984359375 0.6240234375 0.849609375 0.6357421875 0.8876953140625 0.6474609375 0.8671875 0.6611328125 0.873046875 0.6650390625 0.8876953140625 0.6826171875 0.8935546859375 0.6777343765625 0.93310546875 0.6503906234375 0.99169921875 0.6572265625 0.99609375 1 0.99462890625 1 0.60791015625