3 0.42209663124999997 0.28076171875 0.4136192375 0.2489714921875 0.3998434734375 0.22830784531249998 0.38500803437500003 0.225128825 0.3648742234375 0.2553295375 0.3585161796875 0.2902987875 0.3669935734375 0.2902987875 0.42103695781250006 0.2887092765625 0.42209663124999997 0.28076171875
3 0.6054202671875 0.2155917546875 0.5789284125 0.23625540156249997 0.57045101875 0.2712246515625 0.575749390625 0.285530253125 0.5905848296875 0.2664561171875 0.6181363578125 0.2664561171875 0.6319121234375 0.2839407421875 0.625554078125 0.2330763796875 0.6054202671875 0.2155917546875
7 0.2801002875 0.2616875828125 0.2822196359375 0.2330763796875 0.2663245234375 0.209233709375 0.24725038906250002 0.2060546859375 0.231355275 0.242613446875 0.2345342984375 0.24738198125 0.24725038906250002 0.22194980000000003 0.259966478125 0.225128825 0.2758615921875 0.239434425 0.2801002875 0.2616875828125
7 0.49945284687499997 0.29506731875000003 0.5111092640625 0.3093729234375 0.5217060078125 0.34752119375 0.5238253546875 0.3189099890625 0.50581089375 0.285530253125 0.490975453125 0.27917220781249996 0.4771996890625 0.2902987875 0.47084164531250006 0.3061938984375 0.47190131874999997 0.34593168125 0.4771996890625 0.3061938984375 0.49945284687499997 0.29506731875000003
7 0.7368198687499999 0.237844915625 0.71986508125 0.237844915625 0.7018506203125 0.2616875828125 0.6976119234375 0.32526803437499996 0.7124473609375 0.334805103125 0.7082086671875001 0.2934778078125 0.72198443125 0.2664561171875 0.7442375890624999 0.28076171875 0.7516553078125 0.3141414578125 0.759073028125 0.3093729234375 0.7548343296875 0.2712246515625 0.7368198687499999 0.237844915625
7 0.8459663125000001 0.21400224531249998 0.8480856593749999 0.18221201874999998 0.8576227281250001 0.1710854390625 0.8851742578125 0.1742644625 0.9021290437499999 0.209233709375 0.9031887203125001 0.1567798375 0.883054909375 0.13611619218749998 0.8470259859375 0.14883228125 0.839608265625 0.1758539734375 0.8459663125000001 0.21400224531249998
13 0.16111644375 1 0.1667151484375 0.9976313171875001 0.1677748234375 0.9547145109375 0.130686225 0.9499459781249999 0.1009243734375 1 0.16111644375 1
13 0.2822196359375 0.99604180625 0.2843389859375 0.9833257156249999 0.2705632203125 0.94358793125 0.23771331875 0.9419984203125 0.2387729953125 0.9849152265625 0.25572778125 0.9976313171875001 0.2822196359375 0.99604180625
13 0.43824288593749994 1 0.43375304843749996 0.9690201109375 0.3977241234375 0.9658410906249999 0.38818705625 0.9896837609375 0.3771830671875 1 0.43824288593749994 1
13 0.5025918 1 0.4983931734375 0.970609625 0.47190131874999997 0.9658410906249999 0.47111605624999997 1 0.5025918 1
13 0.5683316703125 0.99286278125 0.5990622234375 0.9817362015625 0.600121896875 0.9515354890625 0.57151069375 0.9404089093750001 0.5407801421875 0.9801466921875001 0.5460785125000001 0.9944522921875001 0.5683316703125 0.99286278125
13 0.6431488265625 1 0.6467475625 0.9865047359375 0.63615081875 0.9547145109375 0.6117783140624999 0.9499459781249999 0.608599290625 0.9769676703125001 0.6149573375 0.99604180625 0.6321095109375 1 0.6431488265625 1
10 0.7144166484375 1 0.734700521875 0.98809425 0.7357601953125 0.9769676703125001 0.709268340625 0.9594830453125001 0.6986715968749999 0.96266206875 0.6870151812499999 0.99604180625 0.7015285609374999 1 0.7144166484375 1
10 0.7843320578124999 1 0.7866245562499999 0.9896837609375 0.7728487921875 0.9658410906249999 0.7378795421875 0.9769676703125001 0.741058565625 0.991273271875 0.761097721875 1 0.7843320578124999 1
13 0.9123206171874999 1 0.8872936062500001 0.9499459781249999 0.865040446875 0.9674306015624999 0.8629211 0.99286278125 0.8591145828125001 1 0.9123206171874999 1
13 0.85444370625 1 0.85444370625 0.9610725562500001 0.8523243578124999 0.935640375 0.8364292453125 0.91815575 0.818414784375 0.935640375 0.82053413125 0.973788646875 0.812889153125 1 0.85444370625 1
6 0.2906970296875 0.6781395453125 0.3076518171875 0.6558863859375 0.30871149062500003 0.6097905578125 0.2959954 0.6097905578125 0.2864583328125 0.6304542046875 0.2822196359375 0.659065409375 0.2906970296875 0.6781395453125
6 0.1550587328125 0.5128303703125 0.1709538453125 0.5652842421875001 0.20380374531249998 0.5700527765625 0.1836699359375 0.5271359703125 0.1667151484375 0.5080618343750001 0.1550587328125 0.5128303703125
6 0.8713984921875 0.649528340625 0.8777565390625 0.6431702953125 0.873517840625 0.598663978125 0.8841145828125001 0.5764108218749999 0.8682194703125001 0.54621010625 0.8597420765624999 0.54621010625 0.833250221875 0.5764108218749999 0.833250221875 0.5891269125 0.8523243578124999 0.63681225 0.8713984921875 0.649528340625
6 0.3415613921875 0.4397128484375 0.3479194359375 0.43017578125 0.3479194359375 0.39520653125 0.329904975 0.35546875 0.3203679078125 0.372953375 0.3224872546875 0.43017578125 0.3415613921875 0.4397128484375
5 0.2296875 0.26171875 0.01015625 0.034375
5 0.278125 0.28203125 0.01171875 0.03046875
5 0.4125 0.31171875 0.0109375 0.02890625
5 0.475 0.34921875 0.01171875 0.028125
5 0.52109375 0.33984375 0.0125 0.03203125
5 0.578125 0.3109375 0.01328125 0.03359375
5 0.628125 0.31015625 0.00859375 0.034375
5 0.89921875 0.20859375 0.0125 0.0375
5 0.84609375 0.221875 0.0125 0.03515625
10 0.33732269531250003 0.9610725562500001 0.3288453015625 0.99286278125 0.35427748281250004 0.99604180625 0.3733516171875 0.9801466921875001 0.37229194374999997 0.9594830453125001 0.33732269531250003 0.9610725562500001
10 0.4644836 0.99286278125 0.47084164531250006 0.9865047359375 0.47084164531250006 0.9674306015624999 0.463423925 0.953125 0.43693207031250003 0.9610725562500001 0.4443497890625 0.991273271875 0.4644836 0.99286278125
11 0.45706587968749995 0.4095121328125 0.42209663124999997 0.433354803125 0.3733516171875 0.5350835265625 0.386067709375 0.5764108218749999 0.3797096625 0.598663978125 0.3828886859375 0.6225066484374999 0.39348542656249996 0.6225066484374999 0.40302249687499997 0.6050220234375 0.40514184374999995 0.5764108218749999 0.3903064046875 0.566873753125 0.4146789109375 0.533494015625 0.4528271828125 0.533494015625 0.466602946875 0.5541576625 0.4644836 0.5827688671875 0.43905141875 0.6399912734375001 0.417857934375 0.6527073640625 0.39666445 0.9038501484375001 0.40408217031250004 0.914976728125 0.4273950015625 0.91815575 0.43905141875 0.9070291734374999 0.467662621875 0.7433095078124999 0.46872229687500006 0.9515354890625 0.47402066718749997 0.9658410906249999 0.5068705671875 0.9642515796875 0.5238253546875 0.8116584953125001 0.5280640515624999 0.6781395453125 0.541839815625 0.6606549203125 0.5619736265624999 0.6686024765624999 0.5598542765625 0.5319045046875 0.5492575359375 0.47150307500000005 0.5238253546875 0.41745969218749995 0.5142882875 0.4095121328125 0.500512521875 0.4651450296875 0.48885610625 0.4699135640625 0.4814383859375 0.4651450296875 0.4814383859375 0.4492499171875 0.49203512812500005 0.4397128484375 0.48991577968750005 0.42381773593750005 0.47825936406249997 0.41587018125 0.47508034062500004 0.39520653125 0.467662621875 0.390438 0.45706587968749995 0.4095121328125
11 0.816295434375 0.3316260796875 0.816295434375 0.360237284375 0.7972212984375 0.39520653125 0.792982603125 0.4397128484375 0.792982603125 0.64634931875 0.801459996875 0.6527073640625 0.792982603125 0.66224443125 0.792982603125 0.7353619515625 0.8056986921875 0.818016540625 0.8035793437500001 0.9165662390625 0.8088777140625 0.92769281875 0.8141760843749999 0.9261033078124999 0.8152357609375 0.905439659375 0.8258325015624999 0.914976728125 0.8300711984375001 0.9022606390625001 0.8512646828125 0.905439659375 0.858682403125 0.897492103125 0.8459663125000001 0.8211955609375 0.850205009375 0.7003927015625 0.8343098953125001 0.692445146875 0.8258325015624999 0.6733710109375 0.8120567375000001 0.6717815 0.8120567375000001 0.6527073640625 0.8237131546875001 0.6511178515625 0.831130871875 0.633633228125 0.829011525 0.5732317984375 0.8131164109375 0.5684632656249999 0.8120567375000001 0.550978640625 0.8258325015624999 0.549389128125 0.8385485921875 0.520777925 0.8533840312500001 0.54621010625 0.8618614250000001 0.54621010625 0.866100121875 0.5303149953124999 0.8915323031250001 0.5271359703125 0.9010693703125 0.5350835265625 0.9031887203125001 0.550978640625 0.8883532796875 0.57958984375 0.900009696875 0.584358378125 0.9201435078125 0.6272751828125 0.916964484375 0.6511178515625 0.8809355609375 0.6638339421875 0.8523243578124999 0.6972136812499999 0.8608017515625 0.7353619515625 0.8608017515625 0.9229242843750001 0.8629211 0.9515354890625 0.8713984921875 0.957893534375 0.8957710000000001 0.9499459781249999 0.8978903468749999 0.9404089093750001 0.9137854609374999 0.9419984203125 0.9137854609374999 0.7544360875 0.9222628546875 0.7194668375 0.9265015515625 0.5700527765625 0.9561724296874999 0.47150307500000005 0.9582917765625 0.36341630625 0.9498143828125001 0.299835853125 0.916964484375 0.285530253125 0.90424839375 0.260098071875 0.8819952343749999 0.3189099890625 0.873517840625 0.3888484859375 0.8629211 0.3920275109375 0.8608017515625 0.3220890140625 0.8459663125000001 0.31255194375 0.8427872890625 0.2918882984375 0.816295434375 0.3316260796875
11 0.23347462343749997 0.334805103125 0.2260569046875 0.307783409375 0.1794312390625 0.342752659375 0.1317459 0.433354803125 0.1359845953125 0.493756234375 0.145521665625 0.520777925 0.1677748234375 0.5064723250000001 0.1614167765625 0.46832405312500003 0.17307319375000002 0.4476604046875 0.21546016093749998 0.4413023609375 0.229235925 0.46832405312500003 0.22711657812500002 0.4969352546875 0.20804244375 0.5319045046875 0.2144004875 0.5350835265625 0.1974457 0.541441571875 0.20380374531249998 0.5700527765625 0.1804909125 0.5859478890625 0.165655475 0.6527073640625 0.1529393828125 0.7258248828125 0.1550587328125 0.7766892453125 0.14658133906249998 0.8434487203125001 0.1275072015625 0.935640375 0.134924921875 0.953125 0.17413286875 0.9515354890625 0.19108765625 0.9292823296874999 0.20804244375 0.77986826875 0.2302956015625 0.6638339421875 0.23983266875 0.7162878171875 0.23983266875 0.783047290625 0.229235925 0.9292823296874999 0.23665364531250002 0.9404089093750001 0.2663245234375 0.94358793125 0.2758615921875 0.9292823296874999 0.2864583328125 0.72900390625 0.2822196359375 0.649528340625 0.2959954 0.6097905578125 0.3203679078125 0.6113800687500001 0.326725953125 0.49057720937499993 0.3140098609375 0.3888484859375 0.2748019171875 0.31096243281249997 0.2536084328125 0.35228972812500003 0.23347462343749997 0.334805103125
9 0.640426725 1 0.642508865625 0.8657018781250001 0.65522495625 0.7194668375 0.65310560625 0.7003927015625 0.6446282125 0.69403465625 0.650986259375 0.6781395453125 0.642508865625 0.6717815 0.6403895171875 0.5954849578125 0.634031471875 0.601843003125 0.642508865625 0.5446205953125001 0.6446282125 0.4206387125 0.63827016875 0.3920275109375 0.6308524484375 0.38725897656249997 0.6181363578125 0.43176529218750004 0.62131538125 0.39520653125 0.6138976609375 0.38725897656249997 0.5821074359375 0.39361702187500003 0.5736300421875 0.36500581875 0.55455590625 0.37136386093749996 0.5323027484375 0.42381773593750005 0.5481978609375 0.4603764953125 0.5662123234374999 0.47150307500000005 0.5598542765625 0.5128303703125 0.5662123234374999 0.6717815 0.5450188390624999 0.72900390625 0.564092975 0.8815969921875 0.5598542765625 0.9261033078124999 0.5662123234374999 0.9515354890625 0.550317209375 0.9658410906249999 0.5428994890625 0.9865047359375 0.57151069375 0.991273271875 0.5990622234375 0.97855718125 0.600121896875 0.948356465625 0.6054202671875 0.9467669546874999 0.617076684375 0.9992208265625001 0.6227906171875001 1 0.640426725 1
9 0.7826525109375 1 0.784505209375 0.9833257156249999 0.76966976875 0.9610725562500001 0.776027815625 0.8593438328125 0.76966976875 0.684497590625 0.7866245562499999 0.66224443125 0.7802665109375 0.5859478890625 0.7802665109375 0.3920275109375 0.774968140625 0.377721909375 0.7781471625 0.4142806671875 0.77072944375 0.4190492015625 0.7654310734374999 0.39838555625 0.76966976875 0.3888484859375 0.7516553078125 0.35864777187499997 0.734700521875 0.38725897656249997 0.709268340625 0.35228972812500003 0.6721797421875 0.3888484859375 0.65522495625 0.458786984375 0.6573443046875 0.484219165625 0.6827764859375 0.5001142796875 0.6764184390625 0.6177381140625 0.6562846296875 0.619327628125 0.650986259375 0.6527073640625 0.66370235 0.7003927015625 0.6764184390625 0.8561648109375 0.6997312734375 0.9515354890625 0.6891345296875 0.99286278125 0.7110219953125 1 0.715262775 1 0.741058565625 0.98809425 0.7553454687500001 1 0.7826525109375 1
13 0.6891345296875 0.9769676703125001 0.6870151812499999 0.99604180625 0.7103280140625 0.9992208265625001 0.7103280140625 0.9674306015624999 0.700790946875 0.96266206875 0.6891345296875 0.9769676703125001
13 0.6427374218749999 1 0.6446282125 0.9801466921875001 0.6329717984375 0.953125 0.608599290625 0.9610725562500001 0.6179418765625 1 0.6427374218749999 1
13 0.7838735578125 1 0.7866245562499999 0.9896837609375 0.77072944375 0.96266206875 0.743177915625 0.97855718125 0.7272828015624999 0.9769676703125001 0.753951815625 1 0.7838735578125 1
13 0.500512521875 1 0.500512521875 0.970609625 0.47190131874999997 0.9658410906249999 0.466602946875 0.973788646875 0.4695153203125 1 0.500512521875 1
13 0.23559397187500003 0.9801466921875001 0.251489084375 0.9944522921875001 0.27162289375 0.99604180625 0.2822196359375 0.99286278125 0.269503546875 0.9865047359375 0.2822196359375 0.9769676703125001 0.2737422421875 0.9515354890625 0.2408923421875 0.94358793125 0.23771331875 0.9515354890625 0.2504294109375 0.957893534375 0.23559397187500003 0.9801466921875001
13 0.57151069375 0.94358793125 0.5407801421875 0.9801466921875001 0.5460785125000001 0.9944522921875001 0.5662123234374999 0.99286278125 0.5990622234375 0.9817362015625 0.600121896875 0.970609625 0.5905848296875 0.953125 0.57151069375 0.94358793125
13 0.43685786406249993 1 0.43905141875 0.9769676703125001 0.3977241234375 0.9690201109375 0.37527493125 1 0.43685786406249993 1
13 0.16111644375 1 0.1667151484375 0.9976313171875001 0.1698941703125 0.957893534375 0.130686225 0.9499459781249999 0.099223696875 1 0.16111644375 1
13 0.923517840625 1 0.9159048078125 0.99286278125 0.9106064375 0.953125 0.8724581671875 0.9563040218750001 0.8629211 0.970609625 0.8601220156249999 1 0.923517840625 1
9 0.37421875 0.6546875 0.16015625 0.59609375