3 0.6333365093750001 0.2553787640625 0.6864383703125 0.256943309375 0.694768075 0.256943309375 0.6885207984374999 0.22252331406249998 0.6687377515625 0.1927969578125 0.65416076875 0.19592604687499998 0.640625 0.21626513281249998 0.632295296875 0.24755603593750003 0.6333365093750001 0.2553787640625
3 0.4323824046875 0.20061968281250003 0.42613512499999995 0.250685128125 0.4396708953125 0.23347513125 0.46674243281249994 0.23347513125 0.4813194140625 0.25224967343750004 0.4865254796875 0.2381687671875 0.478195775 0.203748771875 0.45216545156250004 0.1834096859375 0.4323824046875 0.20061968281250003
7 0.7853536046875 0.17715150468750002 0.769735409375 0.20061968281250003 0.7718178359375 0.22878149531249997 0.7759826859375 0.20687786406250003 0.79160088125 0.1927969578125 0.8040954375 0.1896678671875 0.8165899937500001 0.2147005890625 0.8197136328125 0.210006953125 0.8040954375 0.17402241406250002 0.7853536046875 0.17715150468750002
7 0.564616453125 0.2459914921875 0.5500394703125 0.25224967343750004 0.53233885 0.2851051203125 0.5344212749999999 0.313266934375 0.54483340625 0.2757178515625 0.5562867484375 0.2616369421875 0.578152221875 0.272588759375 0.5833582859375 0.3117023875 0.5843994984374999 0.272588759375 0.578152221875 0.256943309375 0.564616453125 0.2459914921875
7 0.308478059375 0.2804114875 0.31576655 0.24755603593750003 0.337632021875 0.23347513125 0.35116779062500003 0.2600723984375 0.34700294062500003 0.3007505734375 0.361579921875 0.2913633015625 0.35741507031249997 0.22878149531249997 0.33971445 0.20531331874999997 0.3230550421875 0.20531331874999997 0.305354421875 0.2381687671875 0.3011895671875 0.2757178515625 0.308478059375 0.2804114875
7 0.20435676093750002 0.139602421875 0.2137276796875 0.15055423750000002 0.2158101046875 0.18184514062499998 0.2220573828125 0.1442960578125 0.2147688921875 0.117698790625 0.17936765 0.1051824296875 0.159584603125 0.125521515625 0.1606258171875 0.17715150468750002 0.177285225 0.1427315125 0.20435676093750002 0.139602421875
13 0.9498652546875 0.9719404453125 0.9529888937500001 0.9641177203125 0.9186288656249999 0.9062295499999999 0.8821864109374999 0.9109231828125001 0.8832276234374999 0.9531659031249999 0.9238349296875 0.9703759 0.9498652546875 0.9719404453125
13 0.7957657328125001 0.9531659031249999 0.812425140625 0.9406495421875001 0.8134663546875001 0.898406821875 0.781188753125 0.8999713671875 0.7676529828125 0.939084996875 0.769735409375 0.9516013593749999 0.7957657328125001 0.9531659031249999
13 0.648954703125 0.97663408125 0.6791498796875 0.9781986249999999 0.68227351875 0.9609886281250001 0.6656141109375 0.945343178125 0.6562431953125001 0.921875 0.620841953125 0.9250040890625 0.6156358890625 0.9609886281250001 0.648954703125 0.97663408125
13 0.5833582859375 0.921875 0.5573279609374999 0.9265686359374999 0.5510806828125 0.9703759 0.5573279609374999 0.9735049890624999 0.5843994984374999 0.967246809375 0.5833582859375 0.921875
13 0.510473378125 0.9500368109374999 0.5156794421875001 0.93595590625 0.4854842671875 0.8968422781250001 0.45737151562499995 0.90779409375 0.458412728125 0.9375204500000001 0.48860790625000006 0.9484722671875 0.510473378125 0.9500368109374999
13 0.44279453281250003 0.9516013593749999 0.44904181249999997 0.9328268171874999 0.445918171875 0.9062295499999999 0.42197027499999995 0.9109231828125001 0.4115581453125 0.9422140859375 0.41572299687500003 0.9578595390625001 0.44279453281250003 0.9516013593749999
10 0.37199205156250004 0.9516013593749999 0.360538709375 0.9187459109375 0.350126578125 0.91561681875 0.32409625468750003 0.9328268171874999 0.3251374671875 0.9437786328125 0.34908536562500003 0.9578595390625001 0.37199205156250004 0.9516013593749999
10 0.318890190625 0.9469077218749999 0.32201382968750003 0.9328268171874999 0.2876538 0.921875 0.27411803125 0.945343178125 0.2772416703125 0.959424084375 0.28661258749999996 0.9609886281250001 0.318890190625 0.9469077218749999
13 0.2044928671875 1 0.2085216125 0.9969731671875 0.2158101046875 0.9797631703125 0.199150696875 0.9484722671875 0.197068271875 0.92343954375 0.1752027984375 0.9062295499999999 0.1502136859375 0.9562949953125001 0.1189772984375 0.9719404453125 0.112752703125 1 0.2044928671875 1
13 0.20748039999999998 0.9641177203125 0.21997495625000002 0.9828922625000001 0.2553761984375 0.9797631703125 0.240799215625 0.9296977249999999 0.242881640625 0.8921486406250001 0.22518102031249998 0.87493864375 0.20956282656249997 0.8921486406250001 0.20748039999999998 0.9171813640625001 0.20748039999999998 0.9641177203125
6 0.769735409375 0.6199177859375 0.7655705578124999 0.591755971875 0.756199640625 0.5714168843749999 0.7437050859375 0.5714168843749999 0.7447462984375 0.61678869375 0.7614057062499999 0.6386923265625 0.769735409375 0.6199177859375
6 0.8946809671875 0.47597963125 0.8832276234374999 0.47128599531250004 0.866568215625 0.4900605359375 0.8467851703125 0.53230325625 0.879062771875 0.5276096203125 0.8946809671875 0.47597963125
6 0.18873856718749998 0.56046506875 0.1845737140625 0.6042723328124999 0.19082099375 0.6105305125 0.20956282656249997 0.5980141515625 0.2283046609375 0.5510777984375 0.2283046609375 0.5385614375000001 0.20227433593750002 0.508835078125 0.19394463281250002 0.508835078125 0.1783264375 0.5385614375000001 0.18873856718749998 0.56046506875
6 0.7301693171875 0.3946232828125 0.7322517421875 0.33829965781250004 0.7228808265625 0.321089659375 0.70518020625 0.36020328749999997 0.70518020625 0.3946232828125 0.7114274828125 0.404010553125 0.7301693171875 0.3946232828125
5 0.821875 0.22890625 0.009375 0.03359375
5 0.77421875 0.24921875 0.01171875 0.0296875
5 0.64140625 0.278125 0.01015625 0.028125
5 0.58046875 0.31484375 0.01171875 0.02734375
5 0.53515625 0.30546875 0.01171875 0.03125
5 0.47890625 0.2765625 0.01328125 0.0328125
5 0.43046875 0.2765625 0.00859375 0.03359375
5 0.16328125 0.1765625 0.01171875 0.03671875
5 0.215625 0.18984375 0.01171875 0.034375
10 0.7155923343749999 0.9171813640625001 0.68123230625 0.91561681875 0.68019109375 0.93595590625 0.6989329265625 0.9516013593749999 0.7239220390625001 0.9484722671875 0.7155923343749999 0.9171813640625001
10 0.6104298234375001 0.9469077218749999 0.6177183140625 0.9171813640625001 0.5916879890625 0.9093586390624999 0.5843994984374999 0.92343954375 0.5843994984374999 0.9422140859375 0.5906467765625 0.9484722671875 0.6104298234375001 0.9469077218749999
11 0.6572844078125 0.8608577374999999 0.6364601484375 0.6136596046875 0.6156358890625 0.60114324375 0.5906467765625 0.5448196171874999 0.5885643515625001 0.516657803125 0.6021001203125 0.4963187171875 0.6395837875 0.4963187171875 0.6635316859375 0.529174165625 0.648954703125 0.5385614375000001 0.6510371296875 0.5667232484375 0.660408046875 0.5839332453125 0.6708201765624999 0.5839332453125 0.673943815625 0.56046506875 0.6676965359375 0.5385614375000001 0.68019109375 0.4978832625 0.632295296875 0.397752371875 0.5979352687499999 0.37428419375 0.5875231375000001 0.3555096546875 0.5802346484375 0.36020328749999997 0.577111009375 0.3805423765625 0.5656576656250001 0.3883651015625 0.563575240625 0.404010553125 0.57398736875 0.413397825 0.57398736875 0.429043275 0.566698878125 0.43373691093750005 0.5552455359375 0.429043275 0.5417097671875 0.37428419375 0.53233885 0.382106921875 0.5073497390624999 0.43530145625000005 0.49693760937500003 0.4947541734375 0.49485518281249996 0.6293050546875001 0.5146382296875001 0.6214823296875001 0.5281739984375 0.6386923265625 0.53233885 0.7701141203125 0.5489982578125 0.92031045625 0.5812758609374999 0.921875 0.586481925 0.90779409375 0.5875231375000001 0.702838678125 0.6156358890625 0.8639868296875 0.62708923125 0.87493864375 0.649995915625 0.8718095546875 0.6572844078125 0.8608577374999999
11 0.1429251953125 0.5886268828125 0.1627082421875 0.5463841625 0.1741615859375 0.5416905265625 0.159584603125 0.5135287140625 0.1616670296875 0.4978832625 0.1710379453125 0.4900605359375 0.19602705781250002 0.493189628125 0.20019190937500003 0.508835078125 0.2085216125 0.508835078125 0.22309859531249998 0.48380235625 0.2355931515625 0.5119641671874999 0.2491289203125 0.5135287140625 0.24808770781249997 0.5307387125 0.23246951249999998 0.5354323453125 0.23038708749999998 0.5948850625000001 0.2376755765625 0.6120950578125 0.2491289203125 0.6136596046875 0.2491289203125 0.632434146875 0.2355931515625 0.633998690625 0.22726344843750002 0.6527732328125 0.21164525312500002 0.6605959578125 0.2158101046875 0.779501390625 0.2033155484375 0.8545995578125 0.210604040625 0.8624222828124999 0.2314283 0.8592931937499999 0.2355931515625 0.8718095546875 0.24600528124999999 0.8624222828124999 0.2470464953125 0.8827613718749999 0.252252559375 0.884325915625 0.2574586234375 0.8733741 0.2553761984375 0.7763723015624999 0.267870753125 0.695015953125 0.267870753125 0.623046875 0.2595410484375 0.6136596046875 0.267870753125 0.6074014234375 0.267870753125 0.404010553125 0.26370590312500003 0.36020328749999997 0.24496406718750002 0.3257832953125 0.24496406718750002 0.29762148125 0.21893374375 0.258507853125 0.2158101046875 0.2788469390625 0.201233121875 0.28823421250000003 0.199150696875 0.3570741984375 0.18873856718749998 0.3539451078125 0.1804088640625 0.2851051203125 0.158543390625 0.22721695 0.146048834375 0.25224967343750004 0.11377123281249998 0.266330578125 0.10544152968750001 0.32891238437500003 0.1075239546875 0.43530145625000005 0.13667791875 0.53230325625 0.1408427703125 0.6793705 0.1491724734375 0.7137904953125 0.1491724734375 0.898406821875 0.16479066874999998 0.8968422781250001 0.16687309374999998 0.9062295499999999 0.19082099375 0.9140522750000001 0.199150696875 0.90779409375 0.201233121875 0.8796322796875 0.201233121875 0.695015953125 0.20956282656249997 0.65746686875 0.1814500765625 0.62461141875 0.146048834375 0.6120950578125 0.1429251953125 0.5886268828125
11 0.8696918546875001 0.5479487062499999 0.8467851703125 0.53230325625 0.8530324484375 0.5041414421875 0.836373040625 0.4978832625 0.8426203171875001 0.4947541734375 0.823878484375 0.460334178125 0.821796059375 0.43217236718749996 0.8353318281250001 0.40557509999999997 0.876980346875 0.41183327812500004 0.8884336906250001 0.43217236718749996 0.8821864109374999 0.46972145000000004 0.9040518828125 0.48380235625 0.9134228015625 0.4572050890625 0.9175876515624999 0.397752371875 0.8707330671875001 0.3085732984375 0.8249196968750001 0.27415330312499997 0.81763120625 0.3007505734375 0.7978481609375 0.3179605703125 0.7770239 0.2772823953125 0.7384990203124999 0.3539451078125 0.7260044640625 0.454075996875 0.7322517421875 0.5729814296875 0.756199640625 0.5714168843749999 0.769735409375 0.6105305125 0.7655705578124999 0.688757771875 0.7759826859375 0.8858904609374999 0.7853536046875 0.8999713671875 0.8145075671875001 0.8968422781250001 0.821796059375 0.8858904609374999 0.8113839281249999 0.74195230625 0.8113839281249999 0.6762414109375 0.8207548453125 0.62461141875 0.8426203171875001 0.7388232171875 0.859279725 0.8858904609374999 0.8759391328125 0.90779409375 0.9144640140625 0.9093586390624999 0.9217525046875 0.8921486406250001 0.9030106703125 0.8014050234375001 0.8946809671875 0.735694125 0.89676339375 0.68562868125 0.8842688359374999 0.6136596046875 0.8696918546875001 0.5479487062499999
9 0.5063085265625 0.921875 0.49069033125 0.90779409375 0.49693760937500003 0.8827613718749999 0.49277275625000005 0.8389541078124999 0.511514590625 0.688757771875 0.49069033125 0.632434146875 0.49693760937500003 0.47597963125 0.49069033125 0.43530145625000005 0.5083909515625 0.4243496390625 0.524009146875 0.3883651015625 0.5021436734375 0.336735109375 0.4834018390625 0.33047693125 0.47507213593750003 0.35863874375 0.44383574687499994 0.3523805625 0.43654725625 0.36020328749999997 0.4396708953125 0.39618782656249996 0.42717633906249997 0.3523805625 0.41988784843750004 0.3570741984375 0.413640571875 0.38523601093750004 0.41572299687500003 0.507270534375 0.4240527 0.563594159375 0.41780542187499997 0.5573359796874999 0.41572299687500003 0.632434146875 0.4073932921875 0.6386923265625 0.413640571875 0.654337778125 0.4053108671875 0.6605959578125 0.40322844062499996 0.6793705 0.41572299687500003 0.8233086546875 0.41780542187499997 0.9578595390625001 0.4407121078125 0.954730446875 0.45216545156250004 0.9031004578124999 0.45737151562499995 0.904665003125 0.458412728125 0.9343913609375001 0.4854842671875 0.9469077218749999 0.5135970171875 0.9422140859375 0.5063085265625 0.921875
9 0.39489873750000004 0.6605959578125 0.4073932921875 0.6136596046875 0.402187228125 0.5808041578124999 0.38240418125 0.579239609375 0.376156903125 0.4634632703125 0.4011460140625 0.4478178171875 0.40322844062499996 0.42278509375000006 0.3865690328125 0.3539451078125 0.350126578125 0.3179605703125 0.3251374671875 0.3523805625 0.308478059375 0.3242187484375 0.29077743906250003 0.3539451078125 0.294942290625 0.3633323796875 0.2897362265625 0.383671465625 0.2824477359375 0.3789778296875 0.285571375 0.34299329375 0.280365309375 0.3570741984375 0.280365309375 0.5479487062499999 0.27411803125 0.623046875 0.29077743906250003 0.6449505078125 0.2845301609375 0.8170504734374999 0.29077743906250003 0.9171813640625001 0.27620045625 0.939084996875 0.2782828828125 0.9578595390625001 0.3001483546875 0.959424084375 0.318890190625 0.9437786328125 0.3459617265625 0.9562949953125001 0.369909625 0.9484722671875 0.35949749531249997 0.90779409375 0.38240418125 0.813921384375 0.39489873750000004 0.6605959578125
13 0.369909625 0.9328268171874999 0.3584562828125 0.9187459109375 0.34908536562500003 0.92343954375 0.34908536562500003 0.954730446875 0.37199205156250004 0.9516013593749999 0.369909625 0.9328268171874999
13 0.44904181249999997 0.9171813640625001 0.42509391250000006 0.9093586390624999 0.413640571875 0.93595590625 0.41572299687500003 0.9578595390625001 0.4396708953125 0.9562949953125001 0.44904181249999997 0.9171813640625001
13 0.2980659296875 0.9625531734375 0.3324259578125 0.9328268171874999 0.3168077625 0.9343913609375001 0.2897362265625 0.9187459109375 0.27411803125 0.945343178125 0.2782828828125 0.9609886281250001 0.2980659296875 0.9625531734375
13 0.579193434375 0.975069534375 0.5843994984374999 0.967246809375 0.5885643515625001 0.9296977249999999 0.5833582859375 0.921875 0.5552455359375 0.9265686359374999 0.5552455359375 0.9735049890624999 0.579193434375 0.975069534375
13 0.769735409375 0.9328268171874999 0.782229965625 0.9422140859375 0.769735409375 0.9484722671875 0.780147540625 0.9516013593749999 0.7999305859375 0.9500368109374999 0.8155487812500001 0.93595590625 0.8009717984375 0.9140522750000001 0.8134663546875001 0.90779409375 0.8103427156249999 0.8999713671875 0.7780651125 0.90779409375 0.769735409375 0.9328268171874999
13 0.49069033125 0.9484722671875 0.510473378125 0.9500368109374999 0.5156794421875001 0.93595590625 0.4854842671875 0.8999713671875 0.46674243281249994 0.9093586390624999 0.45737151562499995 0.9265686359374999 0.458412728125 0.9375204500000001 0.49069033125 0.9484722671875
13 0.6791498796875 0.9781986249999999 0.68227351875 0.9609886281250001 0.6562431953125001 0.9250040890625 0.6156358890625 0.9328268171874999 0.618759528125 0.9656822640625 0.6510371296875 0.97663408125 0.6791498796875 0.9781986249999999
13 0.9498652546875 0.9719404453125 0.9529888937500001 0.9609886281250001 0.9186288656249999 0.9062295499999999 0.8801039859375 0.9140522750000001 0.8832276234374999 0.9531659031249999 0.9238349296875 0.9703759 0.9498652546875 0.9719404453125
13 0.2019395140625 1 0.2168513171875 0.9813277171875001 0.254334984375 0.9813277171875001 0.2553761984375 0.9641177203125 0.2376755765625 0.9343913609375001 0.212686465625 0.9343913609375001 0.20227433593750002 0.959424084375 0.199150696875 0.9265686359374999 0.18977978125 0.9124877281250001 0.1522961125 0.9093586390624999 0.1470900484375 0.9484722671875 0.11377123281249998 0.9797631703125 0.1151180046875 1 0.2019395140625 1
9 0.6796875 0.615625 0.1578125 0.58671875