3 0.3701171875 0.22265625 0.3564453125 0.2197265640625 0.3378906234375 0.24755859375 0.33203125 0.27978515625 0.33984375 0.27978515625 0.3896484375 0.2783203140625 0.390625 0.27099609375 0.3828125 0.24169921875 0.3701171875 0.22265625
3 0.52734375 0.26220703125 0.5322265625 0.275390625 0.5458984375 0.2578125 0.5712890625 0.2578125 0.5839843765625 0.27392578125 0.578125 0.22705078125 0.5595703125 0.2109375 0.53515625 0.22998046875 0.52734375 0.26220703125
7 0.21484375 0.23583984375 0.2177734375 0.240234375 0.2294921875 0.216796875 0.2412109375 0.2197265640625 0.2558593765625 0.23291015625 0.2597656234375 0.25341796875 0.26171875 0.22705078125 0.2470703125 0.205078125 0.2294921875 0.2021484359375 0.21484375 0.23583984375
7 0.44140625 0.27978515625 0.4355468765625 0.29443359375 0.4365234375 0.3310546859375 0.44140625 0.29443359375 0.4619140625 0.2841796859375 0.47265625 0.29736328125 0.4824218765625 0.33251953125 0.484375 0.30615234375 0.4677734375 0.275390625 0.4541015625 0.26953125 0.44140625 0.27978515625
7 0.6943359375 0.3017578140625 0.7011718765625 0.29736328125 0.6972656234375 0.26220703125 0.6806640625 0.2314453140625 0.6650390625 0.2314453140625 0.6484375 0.25341796875 0.64453125 0.31201171875 0.6582031234375 0.32080078125 0.6542968765625 0.28271484375 0.6669921875 0.2578125 0.6875 0.27099609375 0.6943359375 0.3017578140625
7 0.8330078125 0.205078125 0.8339843765625 0.15673828125 0.8154296875 0.1376953140625 0.7822265625 0.1494140640625 0.7753906234375 0.17431640625 0.78125 0.20947265625 0.7832031234375 0.18017578125 0.7919921875 0.169921875 0.8173828125 0.1728515640625 0.8330078125 0.205078125
13 0.08984375 0.94189453125 0.0927734375 0.94921875 0.1171875 0.94775390625 0.1552734375 0.931640625 0.15625 0.89208984375 0.1220703125 0.8876953140625 0.08984375 0.94189453125
13 0.2216796875 0.919921875 0.2373046875 0.931640625 0.26171875 0.93017578125 0.2636718765625 0.91845703125 0.2509765625 0.8818359359375 0.2207031234375 0.88037109375 0.2216796875 0.919921875
13 0.359375 0.92431640625 0.34375 0.93896484375 0.3466796875 0.955078125 0.375 0.95361328125 0.40625 0.93896484375 0.4013671875 0.9052734359375 0.3681640625 0.90234375 0.359375 0.92431640625
13 0.4355468765625 0.94482421875 0.4609375 0.95068359375 0.4667968765625 0.94775390625 0.4609375 0.90673828125 0.4365234375 0.90234375 0.4355468765625 0.94482421875
13 0.5 0.91552734375 0.5048828125 0.9287109359375 0.5253906234375 0.92724609375 0.5537109375 0.9169921859375 0.5546875 0.88916015625 0.5283203125 0.87890625 0.5 0.91552734375
13 0.5625 0.91259765625 0.5683593765625 0.93017578125 0.59375 0.93603515625 0.59765625 0.92138671875 0.5878906234375 0.89208984375 0.5654296875 0.8876953140625 0.5625 0.91259765625
10 0.6455078125 0.8994140640625 0.6347656234375 0.93017578125 0.65625 0.93603515625 0.6787109375 0.9228515640625 0.6796875 0.91259765625 0.6552734375 0.896484375 0.6455078125 0.8994140640625
10 0.6816406234375 0.91259765625 0.6845703125 0.92578125 0.71484375 0.93896484375 0.7236328125 0.9375 0.7265625 0.92431640625 0.7138671875 0.90234375 0.6816406234375 0.91259765625
13 0.8193359375 0.8876953140625 0.7988281234375 0.90380859375 0.796875 0.92724609375 0.78125 0.95654296875 0.7880859375 0.97265625 0.8076171875 0.9873046859375 0.86328125 0.99169921875 0.87890625 0.97998046875 0.8720703125 0.94921875 0.8427734375 0.9345703140625 0.8193359375 0.8876953140625
13 0.7724609375 0.8583984359375 0.7558593765625 0.87451171875 0.7578125 0.90966796875 0.7441406234375 0.95654296875 0.77734375 0.95947265625 0.7890625 0.94189453125 0.7890625 0.89794921875 0.7871093765625 0.87451171875 0.7724609375 0.8583984359375
6 0.265625 0.59326171875 0.26171875 0.61962890625 0.26953125 0.63720703125 0.28515625 0.61669921875 0.2861328125 0.57421875 0.2744140625 0.57421875 0.265625 0.59326171875
6 0.1591796875 0.533203125 0.1894531234375 0.53759765625 0.1708984375 0.498046875 0.1552734375 0.48046875 0.14453125 0.48486328125 0.1591796875 0.533203125
6 0.8017578125 0.515625 0.7939453125 0.515625 0.76953125 0.54345703125 0.76953125 0.55517578125 0.7871093765625 0.59912109375 0.8046875 0.61083984375 0.8105468765625 0.60498046875 0.8066406234375 0.56396484375 0.81640625 0.54345703125 0.8017578125 0.515625
6 0.296875 0.35595703125 0.2988281234375 0.40869140625 0.31640625 0.41748046875 0.3222656234375 0.40869140625 0.3222656234375 0.37646484375 0.3056640625 0.33984375 0.296875 0.35595703125
5 0.21328125 0.253125 0.009375 0.03125
5 0.2578125 0.271875 0.0109375 0.028125
5 0.38203125 0.3 0.01015625 0.0265625
5 0.4390625 0.334375 0.0109375 0.02578125
5 0.48125 0.325 0.0109375 0.0296875
5 0.534375 0.2984375 0.0125 0.03046875
5 0.58046875 0.2984375 0.0078125 0.03125
5 0.83046875 0.2046875 0.01171875 0.034375
5 0.78125 0.2171875 0.0109375 0.03203125
10 0.3046875 0.92724609375 0.328125 0.93017578125 0.3457031234375 0.91552734375 0.3447265625 0.896484375 0.3125 0.89794921875 0.3046875 0.92724609375
10 0.4042968765625 0.89794921875 0.4111328125 0.92578125 0.4296875 0.92724609375 0.4355468765625 0.92138671875 0.4355468765625 0.90380859375 0.4287109375 0.890625 0.4042968765625 0.89794921875
11 0.51953125 0.62841796875 0.5175781234375 0.50244140625 0.5078125 0.44677734375 0.484375 0.39697265625 0.4755859375 0.3896484359375 0.4628906234375 0.44091796875 0.4521484375 0.4453125 0.4453125 0.44091796875 0.4453125 0.42626953125 0.4550781234375 0.41748046875 0.453125 0.40283203125 0.4423828125 0.3955078140625 0.4394531234375 0.37646484375 0.4326171875 0.3720703140625 0.4228515625 0.3896484359375 0.390625 0.41162109375 0.3457031234375 0.50537109375 0.3574218765625 0.54345703125 0.3515625 0.56396484375 0.3544921875 0.5859375 0.3642578125 0.5859375 0.3730468765625 0.56982421875 0.375 0.54345703125 0.3613281234375 0.53466796875 0.3837890625 0.50390625 0.4189453125 0.50390625 0.4316406234375 0.52294921875 0.4296875 0.54931640625 0.40625 0.60205078125 0.38671875 0.61376953125 0.3671875 0.84521484375 0.3740234375 0.85546875 0.3955078125 0.8583984359375 0.40625 0.84814453125 0.4326171875 0.697265625 0.43359375 0.88916015625 0.4384765625 0.90234375 0.46875 0.90087890625 0.484375 0.76025390625 0.48828125 0.63720703125 0.5009765625 0.62109375 0.51953125 0.62841796875
11 0.84375 0.70751953125 0.8515625 0.67529296875 0.85546875 0.53759765625 0.8828125 0.44677734375 0.8847656234375 0.34716796875 0.8769531234375 0.28857421875 0.8466796875 0.275390625 0.8349609375 0.251953125 0.8144531234375 0.30615234375 0.8066406234375 0.37060546875 0.796875 0.37353515625 0.7949218765625 0.30908203125 0.78125 0.30029296875 0.7783203125 0.28125 0.75390625 0.31787109375 0.75390625 0.34423828125 0.7363281234375 0.37646484375 0.7324218765625 0.41748046875 0.7324218765625 0.60791015625 0.7402343765625 0.61376953125 0.7324218765625 0.62255859375 0.7324218765625 0.68994140625 0.7441406234375 0.76611328125 0.7421875 0.85693359375 0.7470703125 0.8671875 0.7519531234375 0.86572265625 0.7529296875 0.8466796859375 0.7626953125 0.85546875 0.7666015625 0.84375 0.7861328125 0.8466796859375 0.79296875 0.83935546875 0.78125 0.76904296875 0.78515625 0.65771484375 0.7705078125 0.650390625 0.7626953125 0.6328125 0.75 0.63134765625 0.75 0.61376953125 0.7607421875 0.6123046859375 0.7675781234375 0.59619140625 0.765625 0.54052734375 0.7509765625 0.5361328140625 0.75 0.52001953125 0.7626953125 0.5185546859375 0.7744140625 0.4921875 0.7880859375 0.515625 0.7958984375 0.515625 0.7998046875 0.5009765640625 0.8232421875 0.498046875 0.83203125 0.50537109375 0.8339843765625 0.52001953125 0.8203125 0.54638671875 0.8310546875 0.55078125 0.8496093765625 0.59033203125 0.8466796875 0.6123046859375 0.8134765625 0.6240234359375 0.7871093765625 0.65478515625 0.7949218765625 0.68994140625 0.7949218765625 0.86279296875 0.796875 0.88916015625 0.8046875 0.89501953125 0.8271484375 0.8876953140625 0.8291015625 0.87890625 0.84375 0.88037109375 0.84375 0.70751953125
11 0.22265625 0.67236328125 0.22265625 0.73388671875 0.2128906234375 0.86865234375 0.2197265625 0.87890625 0.2470703125 0.8818359359375 0.2558593765625 0.86865234375 0.265625 0.68408203125 0.26171875 0.61083984375 0.2744140625 0.57421875 0.296875 0.57568359375 0.3027343765625 0.46435546875 0.2910156234375 0.37060546875 0.2548828125 0.298828125 0.2353515625 0.3369140640625 0.2167968765625 0.32080078125 0.2099609375 0.2958984359375 0.1669921875 0.328125 0.12304687656249999 0.41162109375 0.1269531234375 0.46728515625 0.1357421875 0.4921875 0.15625 0.47900390625 0.1503906234375 0.44384765625 0.1611328125 0.4248046859375 0.2001953125 0.4189453140625 0.2128906234375 0.44384765625 0.2109375 0.47021484375 0.1933593765625 0.50244140625 0.19921875 0.50537109375 0.18359375 0.51123046875 0.1894531234375 0.53759765625 0.16796875 0.55224609375 0.1542968765625 0.61376953125 0.1425781234375 0.68115234375 0.14453125 0.72802734375 0.13671875 0.78955078125 0.11914062343750001 0.87451171875 0.1259765625 0.890625 0.1621093765625 0.88916015625 0.1777343765625 0.86865234375 0.1933593765625 0.73095703125 0.2138671875 0.6240234359375 0.22265625 0.67236328125
9 0.5957031234375 0.65185546875 0.6015625 0.63720703125 0.59375 0.63134765625 0.5917968765625 0.56103515625 0.5859375 0.56689453125 0.59375 0.51416015625 0.5957031234375 0.39990234375 0.58984375 0.37353515625 0.5830078125 0.369140625 0.5712890625 0.41015625 0.57421875 0.37646484375 0.5673828125 0.369140625 0.5380859375 0.375 0.5302734375 0.3486328140625 0.5126953125 0.3544921859375 0.4921875 0.40283203125 0.5068359375 0.4365234359375 0.5234375 0.44677734375 0.5175781234375 0.48486328125 0.5234375 0.63134765625 0.50390625 0.68408203125 0.5214843765625 0.82470703125 0.5175781234375 0.86572265625 0.5234375 0.88916015625 0.5087890625 0.90234375 0.5019531234375 0.92138671875 0.5283203125 0.92578125 0.5537109375 0.9140625 0.5546875 0.88623046875 0.5595703125 0.884765625 0.5703125 0.93310546875 0.5917968765625 0.93603515625 0.59375 0.81005859375 0.60546875 0.67529296875 0.6035156234375 0.65771484375 0.5957031234375 0.65185546875
9 0.7109375 0.64306640625 0.7265625 0.62255859375 0.7207031234375 0.55224609375 0.7207031234375 0.37353515625 0.7158203125 0.3603515640625 0.71875 0.39404296875 0.7119140625 0.3984375 0.70703125 0.37939453125 0.7109375 0.37060546875 0.6943359375 0.3427734359375 0.6787109375 0.369140625 0.6552734375 0.3369140640625 0.62109375 0.37060546875 0.60546875 0.43505859375 0.6074218765625 0.45849609375 0.6308593765625 0.47314453125 0.625 0.58154296875 0.6064453125 0.5830078140625 0.6015625 0.61376953125 0.61328125 0.65771484375 0.625 0.80126953125 0.6464843765625 0.88916015625 0.63671875 0.92724609375 0.6591796875 0.9345703140625 0.6845703125 0.9228515640625 0.7021484375 0.9375 0.72265625 0.93603515625 0.7246093765625 0.91845703125 0.7109375 0.89794921875 0.7167968765625 0.80419921875 0.7109375 0.64306640625
13 0.6347656234375 0.93017578125 0.65625 0.93310546875 0.65625 0.90380859375 0.6474609375 0.8994140640625 0.63671875 0.91259765625 0.6347656234375 0.93017578125
13 0.5712890625 0.9345703140625 0.59375 0.93603515625 0.5957031234375 0.91552734375 0.5849609375 0.890625 0.5625 0.89794921875 0.5712890625 0.9345703140625
13 0.671875 0.91259765625 0.7041015625 0.9404296859375 0.72265625 0.93896484375 0.7265625 0.92431640625 0.7119140625 0.8994140640625 0.6865234375 0.9140625 0.671875 0.91259765625
13 0.4355468765625 0.94482421875 0.4404296875 0.9521484359375 0.4628906234375 0.95068359375 0.4628906234375 0.90673828125 0.4365234375 0.90234375 0.4316406234375 0.90966796875 0.4355468765625 0.94482421875
13 0.25390625 0.88916015625 0.2236328125 0.8818359359375 0.2207031234375 0.88916015625 0.2324218765625 0.89501953125 0.21875 0.91552734375 0.2333984375 0.9287109359375 0.2519531234375 0.93017578125 0.26171875 0.92724609375 0.25 0.92138671875 0.26171875 0.91259765625 0.25390625 0.88916015625
13 0.5283203125 0.8818359359375 0.5 0.91552734375 0.5048828125 0.9287109359375 0.5234375 0.92724609375 0.5537109375 0.9169921859375 0.5546875 0.90673828125 0.5458984375 0.890625 0.5283203125 0.8818359359375
13 0.34375 0.93896484375 0.3466796875 0.955078125 0.3730468765625 0.95361328125 0.4033203125 0.943359375 0.40625 0.91259765625 0.3681640625 0.9052734359375 0.34375 0.93896484375
13 0.08984375 0.93896484375 0.0927734375 0.94921875 0.1171875 0.94775390625 0.1552734375 0.931640625 0.1582031234375 0.89501953125 0.1220703125 0.8876953140625 0.08984375 0.93896484375
13 0.8408203125 0.890625 0.8056640625 0.8935546859375 0.796875 0.90673828125 0.7939453125 0.9375 0.7841796875 0.9140625 0.7607421875 0.9140625 0.7441406234375 0.94189453125 0.7451171875 0.9580078140625 0.7802734375 0.9580078140625 0.8037109375 0.9873046859375 0.85546875 0.99462890625 0.875 0.98583984375 0.8769531234375 0.95654296875 0.8457031234375 0.92724609375 0.8408203125 0.890625
9 0.34609375 0.615625 0.14765625 0.54921875