12 0.09140625 0.2921875 0.03515625 0.0734375
12 0.2015625 0.2953125 0.03828125 0.07109375
8 0.21015625 0.28359375 0.0140625 0.01640625
8 0.09453125 0.28203125 0.0203125 0.01796875
7 0.0875 0.25859375 0.02265625 0.01328125
7 0.20859375 0.26640625 0.0203125 0.01484375
7 0.9953125 0.33671875 0.009375 0.0203125
7 0.86171875 0.3375 0.00546875 0.00546875
7 0.84375 0.33828125 0.00625 0.0078125
7 0.65625 0.34921875 0.0109375 0.02421875
7 0.64609375 0.3890625 0.0171875 0.0203125
8 0.64765625 0.3578125 0.0109375 0.0203125
8 0.65078125 0.4 0.00703125 0.00859375
12 0.6265625 0.415625 0.0671875 0.1765625
12 0.6453125 0.440625 0.03515625 0.1265625
12 0.84453125 0.3546875 0.0171875 0.0421875
12 0.86171875 0.35703125 0.015625 0.04375
12 0.99375 0.43046875 0.0125 0.20546875