12 0.9 0.2609375 0.03671875 0.075
12 0.78671875 0.2640625 0.0390625 0.07265625
8 0.778125 0.25234375 0.0140625 0.01640625
8 0.896875 0.25078125 0.02109375 0.01796875
7 0.90390625 0.22734375 0.0234375 0.01328125
7 0.7796875 0.234375 0.0203125 0.01484375
7 0.109375 0.3078125 0.00546875 0.00546875
7 0.12734375 0.3078125 0.00703125 0.0078125
7 0.3203125 0.31953125 0.01171875 0.02421875
7 0.33046875 0.359375 0.01796875 0.02109375
8 0.32890625 0.328125 0.01171875 0.02109375
8 0.32578125 0.3703125 0.00703125 0.00859375
12 0.35 0.38671875 0.06953125 0.18046875
12 0.33125 0.4125 0.0359375 0.1296875
12 0.12734375 0.325 0.01796875 0.04296875
12 0.109375 0.3265625 0.015625 0.0453125