12 0.13046875 0.28828125 0.03359375 0.06953125
12 0.234375 0.29140625 0.0359375 0.0671875
8 0.24296875 0.2796875 0.01328125 0.01484375
8 0.13359375 0.27890625 0.01953125 0.01640625
7 0.1265625 0.25703125 0.021875 0.0125
7 0.2421875 0.26328125 0.01875 0.0140625
7 0.9921875 0.33125 0.015625 0.01875
7 0.8609375 0.33125 0.00546875 0.0046875
7 0.84453125 0.33125 0.00625 0.0078125
7 0.665625 0.3421875 0.01015625 0.02265625
7 0.65625 0.3796875 0.01640625 0.01953125
8 0.6578125 0.35078125 0.01015625 0.01953125
8 0.6609375 0.38984375 0.00625 0.0078125
12 0.63828125 0.4046875 0.0640625 0.16640625
12 0.65625 0.42890625 0.0328125 0.11953125
12 0.84453125 0.34765625 0.01640625 0.03984375
12 0.8609375 0.34921875 0.01484375 0.04140625
12 0.98984375 0.41953125 0.01953125 0.19453125