7 0.2861328125 0.111328125 0.2958984375 0.09375 0.3212890625 0.076171875 0.3486328125 0.07910156406249999 0.3369140625 0.043945314062500004 0.3232421875 0.029296875 0.2998046875 0.0263671859375 0.2734375 0.04541015625 0.2558593765625 0.10400390625 0.2578125 0.15380859375 0.265625 0.15673828125 0.26953125 0.13037109375 0.26171875 0.09521484375 0.2744140625 0.08496093593750001 0.2861328125 0.111328125
7 0.6376953125 0.31640625 0.62109375 0.33837890625 0.6201171875 0.3603515640625 0.6337890625 0.333984375 0.6845703125 0.3427734359375 0.69921875 0.39697265625 0.7011718765625 0.35595703125 0.6865234375 0.322265625 0.6533203125 0.310546875 0.6376953125 0.31640625
7 0.8525390625 0.216796875 0.8349609375 0.2021484359375 0.8037109375 0.19921875 0.7578125 0.24462890625 0.7519531234375 0.26220703125 0.7558593765625 0.28857421875 0.7724609375 0.3369140640625 0.7880859375 0.31640625 0.8193359375 0.3515625 0.8339843765625 0.35302734375 0.8720703125 0.3515625 0.8808593765625 0.34130859375 0.8691406234375 0.24755859375 0.8525390625 0.216796875
13 0.3173828125 0.8408203140625 0.2910156234375 0.86865234375 0.3017578125 0.9140625 0.3115234375 0.9140625 0.3388671875 0.9462890640625 0.3671875 0.94775390625 0.37890625 0.94189453125 0.37890625 0.92431640625 0.3271484375 0.8408203140625 0.3173828125 0.8408203140625
6 0.58203125 0.73681640625 0.5693359375 0.708984375 0.53515625 0.77783203125 0.53125 0.83349609375 0.5390625 0.84814453125 0.5527343765625 0.79541015625 0.5673828125 0.7998046859375 0.5800781234375 0.77783203125 0.58203125 0.73681640625
6 0.3076171875 0.57421875 0.3017578125 0.591796875 0.2832031234375 0.53466796875 0.2724609375 0.521484375 0.2587890625 0.52734375 0.2519531234375 0.53759765625 0.2519531234375 0.56396484375 0.26171875 0.62548828125 0.2919921875 0.6357421859375 0.3017578125 0.62109375 0.3076171875 0.6328125 0.32421875 0.63720703125 0.34375 0.61376953125 0.3496093765625 0.54931640625 0.3388671875 0.5419921859375 0.3076171875 0.57421875
6 0.7529296875 0.7734375 0.7392578125 0.791015625 0.7109375 0.78955078125 0.70703125 0.83349609375 0.7119140625 0.8408203140625 0.7607421875 0.8671875 0.7832031234375 0.86865234375 0.7832031234375 0.82470703125 0.7714843765625 0.81005859375 0.7666015625 0.78515625 0.7529296875 0.7734375
5 0.271875 0.10859375 0.025 0.05546875
5 0.70078125 0.41640625 0.01953125 0.03984375
5 0.61484375 0.4140625 0.01171875 0.03359375
5 0.78984375 0.346875 0.025 0.065625
11 0.1904296875 0.6474609359375 0.1875 0.65478515625 0.2109375 0.70166015625 0.23828125 0.99169921875 0.2451171875 0.9990234359375 0.3066406234375 0.99755859375 0.3105468765625 0.97412109375 0.28515625 0.83935546875 0.2675781234375 0.65771484375 0.1904296875 0.6474609359375
11 0.4375 0.56982421875 0.4169921875 0.5478515640625 0.375 0.52294921875 0.37890625 0.49365234375 0.3730468765625 0.37646484375 0.359375 0.26806640625 0.3515625 0.24755859375 0.3193359375 0.2080078140625 0.3076171875 0.2080078140625 0.296875 0.22705078125 0.2949218765625 0.25048828125 0.2783203125 0.28125 0.2705078125 0.28125 0.25390625 0.22705078125 0.2578125 0.15966796875 0.2509765625 0.158203125 0.1923828125 0.1904296859375 0.171875 0.23876953125 0.1464843765625 0.36474609375 0.1425781234375 0.55224609375 0.1572265625 0.5771484359375 0.1767578125 0.5625 0.2001953125 0.521484375 0.2431640625 0.5419921859375 0.2744140625 0.5244140640625 0.2890625 0.54345703125 0.3017578125 0.5859375 0.3427734375 0.5419921859375 0.34765625 0.54931640625 0.34375 0.62548828125 0.3642578125 0.6357421859375 0.3671875 0.65478515625 0.30859375 0.77197265625 0.2988281234375 0.81005859375 0.3173828125 0.8349609359375 0.359375 0.84521484375 0.39453125 0.73095703125 0.43359375 0.64892578125 0.4453125 0.59033203125 0.4375 0.56982421875
11 1 0.53173828125 0.95703125 0.44970703125 0.9140625 0.39404296875 0.9033203125 0.36328125 0.8916015625 0.36328125 0.8886718765625 0.39111328125 0.8769531234375 0.40283203125 0.8564453125 0.4658203140625 0.8310546875 0.4658203140625 0.8251953125 0.4453125 0.8134765625 0.4453125 0.7949218765625 0.48486328125 0.7724609375 0.509765625 0.765625 0.50830078125 0.7568359375 0.48046875 0.7021484375 0.4423828140625 0.6933593765625 0.44677734375 0.6708984375 0.5390625 0.6591796875 0.5390625 0.6425781234375 0.51416015625 0.640625 0.49365234375 0.6240234375 0.4658203140625 0.5869140625 0.4892578140625 0.5546875 0.55810546875 0.52734375 0.59619140625 0.50390625 0.66357421875 0.50390625 0.69580078125 0.5126953125 0.708984375 0.5498046875 0.65625 0.5693359375 0.6474609359375 0.6074218765625 0.66357421875 0.6074218765625 0.67529296875 0.5947265625 0.6796875 0.5761718765625 0.71630859375 0.5947265625 0.744140625 0.6308593765625 0.72509765625 0.62109375 0.84521484375 0.6269531234375 0.92724609375 0.6416015625 0.9052734359375 0.6621093765625 0.89501953125 0.6552734375 0.9111328140625 0.6416015625 0.9140625 0.6386718765625 0.93310546875 0.62890625 0.94189453125 0.625 0.98291015625 0.6552734375 0.9873046859375 0.6591796875 0.99609375 0.8691406234375 0.99462890625 0.9306640625 0.990234375 1 0.94775390625 1 0.53173828125
9 0.25 0.55224609375 0.2255859375 0.5302734359375 0.2001953125 0.521484375 0.1748046875 0.568359375 0.1582031234375 0.57861328125 0.1582031234375 0.60791015625 0.1826171875 0.6416015640625 0.2080078125 0.650390625 0.28125 0.64892578125 0.2861328125 0.6357421859375 0.2646484375 0.6328125 0.25390625 0.61962890625 0.25 0.55224609375
8 0.3408203125 0.158203125 0.33984375 0.15087890625 0.3349609375 0.146484375 0.3271484375 0.1318359359375 0.3212890625 0.1318359359375 0.3193359375 0.12890625 0.3056640625 0.12890625 0.3037109375 0.1259765640625 0.2841796875 0.1259765640625 0.27734375 0.13623046875 0.27734375 0.15087890625 0.2734375 0.16552734375 0.2753906234375 0.17724609375 0.2802734375 0.1845703140625 0.2822265625 0.1845703140625 0.2861328125 0.193359375 0.2919921875 0.193359375 0.2958984375 0.1962890640625 0.2978515625 0.1904296859375 0.3037109375 0.2021484359375 0.3203125 0.20068359375 0.3457031234375 0.15966796875 0.3457031234375 0.15087890625 0.3447265625 0.1494140640625 0.3408203125 0.158203125
8 0.6845703125 0.4833984359375 0.6894531234375 0.47314453125 0.6875 0.46435546875 0.6875 0.44384765625 0.6923828125 0.4423828140625 0.6972656234375 0.43505859375 0.6943359375 0.43359375 0.6923828125 0.427734375 0.6884765625 0.4248046859375 0.6806640625 0.4248046859375 0.6787109375 0.4189453140625 0.6748046875 0.4189453140625 0.6708984375 0.4130859359375 0.6669921875 0.4130859359375 0.6611328125 0.4072265640625 0.6474609375 0.4072265640625 0.6435546875 0.4130859359375 0.6376953125 0.4072265640625 0.6201171875 0.41015625 0.6171875 0.41455078125 0.6171875 0.43798828125 0.625 0.46435546875 0.6416015625 0.4921875 0.6494140625 0.4921875 0.6533203125 0.498046875 0.6542968765625 0.49658203125 0.6572265625 0.4921875 0.6689453125 0.4921875 0.6748046875 0.4833984359375 0.6845703125 0.4833984359375