7 0.652363025 0.074934253125 0.6798866671875 0.07197555624999999 0.7054443359375 0.08972772343749999 0.715274209375 0.10747988906249999 0.72707005625 0.08085163906250001 0.7398488890625 0.09120706875 0.7319849921875 0.1267114015625 0.735916940625 0.1533396515625 0.7437808390625 0.15038095468749998 0.7457468125 0.100083153125 0.7280530421875 0.0409092671875 0.7015123859375 0.021677753124999997 0.6779206921875 0.0246364484375 0.664158871875 0.0394299203125 0.652363025 0.074934253125
7 0.312249434375 0.320505878125 0.297504625 0.3545308640625 0.2994706 0.39595258437499997 0.314215409375 0.34121673750000003 0.365330746875 0.33234065625000003 0.3790925671875 0.35896890625 0.37810958125 0.33677869843749997 0.3613987984375 0.314588490625 0.3456710015625 0.3086711015625 0.312249434375 0.320505878125
7 0.1942909640625 0.1962407171875 0.162835371875 0.1991994109375 0.1451416015625 0.213992884375 0.12843081875 0.2450591734375 0.1166349703125 0.33973739062499997 0.12548185625 0.350092821875 0.1638183578125 0.35157216875 0.1785631671875 0.350092821875 0.21001875937499997 0.314588490625 0.22574655625 0.3352993515625 0.2424573390625 0.28648089374999997 0.2463892890625 0.25985264531249996 0.240491365625 0.2421004796875 0.1942909640625 0.1962407171875
13 0.62189041875 0.9285175593749999 0.62189041875 0.946269725 0.6336862671875 0.9521871140625 0.6621928968749999 0.9507077671875 0.6897165390625 0.9181621281250001 0.6995464124999999 0.9181621281250001 0.7103592734374999 0.872302365625 0.6838186171875 0.844194771875 0.6739887437500001 0.844194771875 0.62189041875 0.9285175593749999
6 0.4469186875 0.798335009375 0.46068050937500005 0.8515915078124999 0.4685444078125 0.836798034375 0.46461245937499995 0.78058284375 0.4302079046875 0.7110535265625 0.4174290703125 0.7391611234375 0.4193950453125 0.78058284375 0.4321738796875 0.8027730500000001 0.4469186875 0.798335009375
6 0.7427978515625 0.5276144796875 0.7290360296875 0.5216970921875 0.7182231703124999 0.535011215625 0.6995464124999999 0.5927057546875 0.6936484890625 0.5749535890625 0.6621928968749999 0.5424079500000001 0.6513800359374999 0.5498046875 0.6572779609375 0.6148959625 0.67693770625 0.6385655171875 0.6936484890625 0.634127475 0.6995464124999999 0.6222926984375 0.709376284375 0.63708616875 0.7398488890625 0.626730740625 0.7496787625 0.5645981578125 0.7496787625 0.5379699109375 0.7427978515625 0.5276144796875
6 0.2316444796875 0.7879795796875 0.22672954218750002 0.8131284796875 0.21493369687500002 0.8279219531249999 0.21493369687500002 0.872302365625 0.23754240312500002 0.8708230203125 0.2866917671875 0.844194771875 0.2916067015625 0.836798034375 0.287674753125 0.792417621875 0.2591681234375 0.7938969671875 0.2454063015625 0.7761448015625 0.2316444796875 0.7879795796875
5 0.7296875 0.1046875 0.025 0.05625
5 0.29765625 0.415625 0.01953125 0.03984375
5 0.384375 0.41328125 0.01171875 0.03359375
5 0.2078125 0.3453125 0.025 0.06640625
11 0.7602474796875 1 0.763440584375 0.9965675265625 0.7909642265625 0.7036567921875 0.8145559203125 0.6563176828125 0.8116069593749999 0.6489209453125 0.7339509671875 0.6592763765625 0.7162571953125 0.8427154234374999 0.6906995265625 0.9788153609375 0.6942186859375 1 0.7602474796875 1
11 0.6533460109375 0.5498046875 0.658260946875 0.5424079500000001 0.6995464124999999 0.586788365625 0.712325246875 0.5438873 0.72707005625 0.5246557875 0.7585256484375 0.5424079500000001 0.8017770875 0.5216970921875 0.8253687812500001 0.5631188125000001 0.8450285265625 0.5779122828125 0.8597733359375 0.55276338125 0.8558413843749999 0.3634069453125 0.8302837171874999 0.23618309218750003 0.8096409859374999 0.187364634375 0.75066175 0.154818996875 0.7437808390625 0.15629834375 0.7477127875 0.2243483140625 0.7310020046875 0.2790841578125 0.72313810625 0.2790841578125 0.706427321875 0.24801786875 0.7044613484375 0.2243483140625 0.6936484890625 0.2051168015625 0.6818526421875 0.2051168015625 0.6494140625 0.2450591734375 0.6415501640625 0.265770034375 0.6277883421875 0.3752417234375 0.62189041875 0.49358949531249996 0.62582236875 0.5231764375 0.583553915625 0.5483253421875001 0.562911184375 0.5705155468750001 0.5550472859375 0.5912264078125 0.5668431328125 0.6504002953125 0.6061626234374999 0.733243734375 0.6415501640625 0.8486328125 0.6838186171875 0.83827738125 0.702495375 0.8131284796875 0.6926655015625001 0.7746654546875 0.6336862671875 0.6563176828125 0.6366352281250001 0.63708616875 0.6572779609375 0.626730740625 0.6533460109375 0.5498046875
11 0.3402185265625 1 0.3437050265625 0.9921294843749999 0.37417763125 0.9876914453125 0.3702456828125 0.946269725 0.360415809375 0.937393640625 0.3574668484375 0.9181621281250001 0.3437050265625 0.9152034359375 0.336824115625 0.8989306156250001 0.3574668484375 0.9092860453125 0.3722116578125 0.931476253125 0.37810958125 0.8486328125 0.3682797078125 0.727326346875 0.4046502375 0.746557859375 0.42332699375000005 0.7184502625 0.4046502375 0.6814665843750001 0.3918714015625 0.6770285421875 0.3918714015625 0.665193765625 0.4302079046875 0.6489209453125 0.44986765 0.6577970296875 0.487221165625 0.7110535265625 0.49606805156249995 0.697739403125 0.49606805156249995 0.665193765625 0.47247635624999995 0.597143796875 0.44495271406250003 0.5586807703125001 0.412514134375 0.48915145468750004 0.37516061875 0.46548190156249997 0.3584498359375 0.49358949531249996 0.3564838625 0.5143003562499999 0.3397730765625 0.5394492578125 0.3279772296875 0.5394492578125 0.3053685234375 0.44625038593750005 0.2965216375 0.44181234687500004 0.24147435156250002 0.480275371875 0.2326274671875 0.5083829671875 0.22574655625 0.5098623140625 0.2031378484375 0.4847134140625 0.1844610921875 0.4447710390625 0.1726652453125 0.4447710390625 0.1667673203125 0.46548190156249997 0.141209653125 0.46548190156249997 0.1205669203125 0.40186997343749997 0.10877107187499999 0.39003519531249997 0.1058221125 0.3619275984375 0.0940262640625 0.3619275984375 0.0832134046875 0.3929938890625 0.039961965625 0.44920908125 0 0.5257518906249999 0 0.9542091453125 0.066502621875 0.9950881812500001 0.12843081875 0.9995262234375 0.196115534375 1 0.3402185265625 1
9 0.7762194171875 0.5305731734375 0.7516447375 0.55276338125 0.7477127875 0.6208133515625 0.7368999281249999 0.634127475 0.715274209375 0.63708616875 0.7201891453125 0.6504002953125 0.7939131890625 0.651879640625 0.81947085625 0.643003559375 0.8440455390625001 0.608978575 0.8440455390625001 0.57939163125 0.8273347546875 0.5690362 0.8017770875 0.5216970921875 0.7762194171875 0.5305731734375
8 0.72117213125 0.181447246875 0.72608706875 0.174050509375 0.7280530421875 0.16221573281249999 0.72412109375 0.14742226249999998 0.72412109375 0.1326287890625 0.7172401828125 0.1222733609375 0.6975804375 0.1222733609375 0.6956144640625 0.1252320546875 0.6818526421875 0.1252320546875 0.6798866671875 0.128190746875 0.6739887437500001 0.128190746875 0.6661248453125 0.1429842203125 0.661209909375 0.14742226249999998 0.6602269234375 0.154818996875 0.6562949734375 0.145942915625 0.6553119875 0.14742226249999998 0.6553119875 0.15629834375 0.6808696546874999 0.1977200640625 0.6975804375 0.1991994109375 0.7034783625000001 0.187364634375 0.7054443359375 0.193282025 0.709376284375 0.19032332968750001 0.715274209375 0.19032332968750001 0.7192061578125 0.181447246875 0.72117213125 0.181447246875
8 0.3790925671875 0.4092667078125 0.3613987984375 0.40630801562499996 0.3555008734375 0.4122254015625 0.351568925 0.40630801562499996 0.337807103125 0.40630801562499996 0.3319091796875 0.4122254015625 0.3279772296875 0.4122254015625 0.32404528125 0.41814279218749995 0.3201133328125 0.41814279218749995 0.3181473578125 0.42406017812499996 0.3102834609375 0.42406017812499996 0.3063515109375 0.4270188734375 0.3043855359375 0.4329362625 0.301436575 0.43441560937499996 0.3063515109375 0.44181234687500004 0.311266446875 0.44329169375 0.311266446875 0.46400255156250003 0.3093004734375 0.4728786359375 0.314215409375 0.48323406406249997 0.32404528125 0.48323406406249997 0.32994320625 0.4921101484375 0.341739053125 0.4921101484375 0.3446880125 0.496548190625 0.3456710015625 0.49802753749999995 0.34960295 0.4921101484375 0.3574668484375 0.4921101484375 0.37417763125 0.46400255156250003 0.3820415296875 0.4373743046875 0.3820415296875 0.41370475000000007 0.3790925671875 0.4092667078125