7 0.6488982046875 0.07568359531249999 0.67669616875 0.0726953125 0.7025085640625 0.090625 0.7124364109375 0.1085546875 0.7243498234375 0.0816601546875 0.7372560218750001 0.092119140625 0.7293137453125 0.127978515625 0.733284884375 0.154873046875 0.7412271593749999 0.151884765625 0.7432127281249999 0.10108398437499999 0.7253426078125 0.041318359375 0.6985374265625001 0.0218945296875 0.6747105999999999 0.0248828125 0.6608116171875 0.039824220312500005 0.6488982046875 0.07568359531249999
7 0.30539477812500004 0.3237109375 0.290503009375 0.35807617187499996 0.29248857968749997 0.399912109375 0.307380346875 0.3446289046875 0.3590051390625 0.33566406249999997 0.372904121875 0.3625585953125 0.3719113375 0.340146484375 0.3550340015625 0.317734375 0.33914944999999996 0.3117578125 0.30539477812500004 0.3237109375
7 0.186260640625 0.19820312499999998 0.1544915375 0.2011914046875 0.13662141875 0.2161328125 0.1197440828125 0.247509765625 0.1078306671875 0.343134765625 0.11676572968750001 0.35359375000000004 0.155484321875 0.355087890625 0.17037608906249999 0.35359375000000004 0.2021451921875 0.317734375 0.21802974375 0.3386523453125 0.2349070796875 0.289345703125 0.23887821874999998 0.262451171875 0.23292151093750002 0.24452148437500001 0.186260640625 0.19820312499999998
13 0.6181218859375 0.9378027343750001 0.6181218859375 0.9557324218750001 0.6300352984375001 0.961708984375 0.6588260484374999 0.9602148453125 0.6866240140625 0.92734375 0.696551859375 0.92734375 0.7074724890625 0.8810253906250001 0.6806673078125 0.8526367203125 0.6707394625 0.8526367203125 0.6181218859375 0.9378027343750001
6 0.4414062484375 0.8063183593750001 0.4553052328125 0.860107421875 0.4632475078125 0.845166015625 0.45927637031249996 0.7883886718750001 0.42452891406250004 0.7181640625 0.41162271562499997 0.746552734375 0.4136082859375 0.7883886718750001 0.4265144828125 0.8108007796875001 0.4414062484375 0.8063183593750001
6 0.740234375 0.5328906250000001 0.7263353921875 0.5269140625000001 0.7154147640625 0.540361328125 0.696551859375 0.5986328125 0.6905951515625001 0.580703125 0.6588260484374999 0.5478320296875 0.64790541875 0.555302734375 0.6538621265625 0.621044921875 0.673717815625 0.6449511718750001 0.6905951515625001 0.6404687499999999 0.696551859375 0.628515625 0.7064797031250001 0.6434570296875 0.7372560218750001 0.6329980468749999 0.7471838671875 0.5702441406250001 0.7471838671875 0.543349609375 0.740234375 0.5328906250000001
6 0.2239864515625 0.795859375 0.219022528125 0.821259765625 0.207109115625 0.8362011718750001 0.207109115625 0.8810253906250001 0.22994315781250002 0.87953125 0.27958238281250003 0.8526367203125 0.2845463046875 0.845166015625 0.280575165625 0.800341796875 0.2517844171875 0.8018359374999999 0.23788543281250002 0.78390625 0.2239864515625 0.795859375
5 0.72734375 0.10625 0.025 0.05703125
5 0.290625 0.41953125 0.01953125 0.040625
5 0.378125 0.4171875 0.01171875 0.034375
5 0.2 0.34921875 0.02578125 0.0671875
11 0.761696728125 1 0.7888808140625 0.710693359375 0.812707640625 0.662880859375 0.8097292875000001 0.6554101546875 0.7312993156250001 0.665869140625 0.7134291937499999 0.851142578125 0.687616796875 0.9886035156249999 0.6895099015625 1 0.761696728125 1
11 0.6498909890625 0.555302734375 0.6548549109375 0.5478320296875 0.696551859375 0.59265625 0.70945805625 0.549326171875 0.7243498234375 0.5299023453125 0.7561189265625 0.5478320296875 0.7998014437500001 0.5269140625000001 0.8236282703125 0.56875 0.8434839593750001 0.5836914046875 0.858375728125 0.5582910156249999 0.8544045875 0.367041015625 0.8285921921874999 0.23854492187499998 0.80774371875 0.1892382796875 0.7481766515625 0.1563671875 0.7412271593749999 0.157861328125 0.745198296875 0.22659179687500003 0.7283209625 0.281875 0.7203786859375 0.281875 0.7035013484375 0.250498046875 0.70151578125 0.22659179687500003 0.6905951515625001 0.2071679703125 0.6786817375 0.2071679703125 0.6459198500000001 0.247509765625 0.6379775750000001 0.268427734375 0.624078590625 0.37899414062500003 0.6181218859375 0.49852539062499995 0.6220930234375001 0.5284082031249999 0.579403290625 0.5538085953125 0.5585548171875 0.576220703125 0.5506125421875 0.597138671875 0.5625259546875 0.656904296875 0.602237334375 0.740576171875 0.6379775750000001 0.8571191406249999 0.6806673078125 0.8466601546874999 0.6995302125 0.821259765625 0.6896023671875 0.7824121093749999 0.6300352984375001 0.662880859375 0.633013653125 0.6434570296875 0.6538621265625 0.6329980468749999 0.6498909890625 0.555302734375
11 0.351244546875 1 0.3679402 0.997568359375 0.36396906093750003 0.9557324218750001 0.354041215625 0.946767578125 0.3510628640625 0.92734375 0.3371638796875 0.9243554703125 0.3302143890625 0.907919921875 0.3510628640625 0.9183789046875 0.36595463125 0.9407910156250001 0.3719113375 0.8571191406249999 0.3619834921875 0.734599609375 0.39871651875 0.7540234375 0.417579421875 0.725634765625 0.39871651875 0.68828125 0.38581031875 0.683798828125 0.38581031875 0.671845703125 0.42452891406250004 0.6554101546875 0.44438460312499994 0.6643749999999999 0.4821104140625 0.7181640625 0.49104547343749994 0.704716796875 0.49104547343749994 0.671845703125 0.467218646875 0.6031152343749999 0.43942068125 0.5642675781250001 0.40665879374999997 0.4940429703125 0.3689329828125 0.4701367203125 0.35205564843750004 0.49852539062499995 0.3500700796875 0.5194433593750001 0.3331927421875 0.54484375 0.32127932812500004 0.54484375 0.2984452859375 0.45071289062500003 0.2895102265625 0.44623047031249996 0.23391429531250002 0.48507812499999997 0.22497923593750002 0.513466796875 0.21802974375 0.5149609374999999 0.1951957015625 0.48956054687500006 0.176332796875 0.44921875 0.164419384375 0.44921875 0.1584626765625 0.4701367203125 0.13265028125 0.4701367203125 0.1118018078125 0.405888671875 0.0998883921875 0.393935546875 0.096910040625 0.365546875 0.0849966265625 0.365546875 0.07407599687500001 0.396923828125 0.030393479687500002 0.453701171875 0 0.511918503125 0 0.9698779999999999 0.049001309375 1 0.351244546875 1
9 0.7739890468749999 0.5358789046875 0.7491694359375 0.5582910156249999 0.745198296875 0.6270214843749999 0.7342776671875 0.6404687499999999 0.7124364109375 0.6434570296875 0.7174003328125 0.656904296875 0.7918591671875 0.6583984375 0.8176715625 0.6494335953125 0.8424911765624999 0.615068359375 0.8424911765624999 0.585185546875 0.8256138390625001 0.5747265625 0.7998014437500001 0.5269140625000001 0.7739890468749999 0.5358789046875
8 0.718393115625 0.18326172031250001 0.7233570406250001 0.175791015625 0.7253426078125 0.163837890625 0.7213714703125 0.148896484375 0.7213714703125 0.13395507812500002 0.7144219781250001 0.12349609531250001 0.6945662890625 0.12349609531250001 0.6925807203125001 0.126484375 0.6786817375 0.126484375 0.67669616875 0.1294726546875 0.6707394625 0.1294726546875 0.6627971859375 0.1444140625 0.6578332640625 0.148896484375 0.6568404796875 0.1563671875 0.6528693421875 0.14740234531250002 0.6518765578125 0.148896484375 0.6518765578125 0.157861328125 0.677688953125 0.199697265625 0.6945662890625 0.2011914046875 0.700522996875 0.1892382796875 0.7025085640625 0.1952148453125 0.7064797031250001 0.1922265625 0.7124364109375 0.1922265625 0.7164075484375 0.18326172031250001 0.718393115625 0.18326172031250001
8 0.372904121875 0.41335937500000003 0.3550340015625 0.4103710953125 0.34907729375 0.41634765468749996 0.34510615625 0.4103710953125 0.33120717499999996 0.4103710953125 0.3252504671875 0.41634765468749996 0.32127932812500004 0.41634765468749996 0.31730819062500004 0.42232422031250005 0.31333705312500004 0.42232422031250005 0.311351484375 0.4283007796875 0.303409209375 0.4283007796875 0.299438071875 0.4312890625 0.29745250156249997 0.43726562500000005 0.29447415 0.43875976562499996 0.299438071875 0.44623047031249996 0.30440199375 0.44772460937499997 0.30440199375 0.468642578125 0.302416425 0.477607421875 0.307380346875 0.4880664046875 0.31730819062500004 0.4880664046875 0.3232648984375 0.49703125000000004 0.33517831249999996 0.49703125000000004 0.3381566640625 0.501513671875 0.33914944999999996 0.5030078125 0.34312058749999996 0.49703125000000004 0.3510628640625 0.49703125000000004 0.3679402 0.468642578125 0.375882475 0.441748046875 0.375882475 0.417841796875 0.372904121875 0.41335937500000003