3 0.8314835828125 0.28511659375 0.840569575 0.274498334375 0.840569575 0.25326181718749996 0.8163402671875 0.1561805984375 0.76889120625 0.1091568828125 0.750719225 0.10612309687499999 0.7123561546875 0.14252855312499998 0.6931746203125 0.174383328125 0.670964421875 0.26236318281250004 0.6790408578125 0.2866334875 0.6972128375 0.274498334375 0.6972128375 0.25326181718749996 0.7103370453125 0.23960977187500002 0.7830249671875 0.236575984375 0.813311603125 0.24567734843750003 0.8223975921875001 0.277532121875 0.8314835828125 0.28511659375
3 0.418575803125 0.37461334062499996 0.42564268437499997 0.3882653859375 0.5235694671875 0.4170863734375 0.5336650140625 0.4170863734375 0.531645903125 0.34427545937500004 0.5235694671875 0.3200051546875 0.49833060625 0.28815038125000003 0.482177734375 0.28511659375 0.4518911 0.3002855328125 0.418575803125 0.37461334062499996
3 0.5629420921875 0.42163705625 0.59120961875 0.4155694796875 0.645725559375 0.42770463124999997 0.656830659375 0.441356678125 0.65481155 0.45652561875000003 0.666926203125 0.45045804375 0.6608688765624999 0.38371470625000004 0.631591796875 0.336690990625 0.6093815984375001 0.3306234140625 0.585152290625 0.34882614218749997 0.5700089734375 0.37461334062499996 0.5629420921875 0.42163705625
3 0.355983425 0.304836215625 0.3670885234375 0.3124206859375 0.372136296875 0.2805659109375 0.35194520625000003 0.21078878437499998 0.30651525468749996 0.16073128125 0.2681521859375 0.181967796875 0.24897065000000002 0.20775499687500001 0.22676045312499998 0.274498334375 0.22474134218750003 0.3018024265625 0.23079866875000002 0.32303894375 0.236855996875 0.32303894375 0.24695154062500002 0.2653969703125 0.26007575 0.2487111375 0.286324165625 0.236575984375 0.3347827796875 0.24567734843750003 0.35396431562499997 0.2714645453125 0.355983425 0.304836215625
6 0.5518369937500001 0.7477692734375 0.5205408046875 0.7189482875000001 0.50943570625 0.7417016984375 0.5518369937500001 0.8145126109374999 0.5578943203125 0.7963098828125 0.5518369937500001 0.7477692734375
6 0.549817884375 0.8175463984375 0.5558752109375 0.8145126109374999 0.5558752109375 0.7872085171875 0.549817884375 0.7417016984375 0.5326554578125 0.72804965 0.5144834781250001 0.7310834390625 0.507416596875 0.744735484375 0.549817884375 0.8175463984375
6 0.4165566921875 0.8509180687500001 0.43674778437499995 0.8600194312499999 0.4942923890625 0.8372660203125 0.5033783781250001 0.823613975 0.4942923890625 0.8008605640625 0.4741012984375 0.7826578375000001 0.4377573375 0.776590259375 0.4165566921875 0.8175463984375 0.4165566921875 0.8509180687500001
5 0.82109375 0.33203125 0.021875 0.06796875
5 0.4203125 0.44453125 0.01640625 0.05703125
5 0.51640625 0.46015625 0.021875 0.0484375
5 0.2453125 0.325 0.0125 0.05
11 1 0.6412771625 0.9607065562500001 0.564225096875 0.9284008125 0.52478585 0.855712890625 0.4732114515625 0.8254262562499999 0.42163705625 0.7285090265624999 0.61276570625 0.7315376890625 0.5657419906250001 0.741633234375 0.5323703203125 0.7365854625 0.49748175625 0.717403928125 0.556640625 0.6891364015625 0.6112488093749999 0.6588497671875 0.7508030609375 0.6689453125 0.9146276171875 0.659475515625 1 0.9236744078125 1 0.933448584375 0.9206951921875 0.9485919015625001 0.87973905625 0.9596970015625 0.8964248890625001 0.9637352203124999 0.9510330734375 0.9395059124999999 0.9813709546875 0.937026234375 1 1 1 1 0.6412771625
11 0.363797309375 1 0.34386877031249996 0.571809565625 0.30651525468749996 0.47624524062500007 0.297429265625 0.5111338046875 0.297429265625 0.5809109296875 0.2893528296875 0.5991136578125 0.2711808484375 0.5596744140625 0.2338273328125 0.3973667515625 0.21161713437500002 0.43377220781250003 0.11469990468749999 0.48838039375 0 0.6715774921875 0 0.954331246875 0.02515399375 1 0.363797309375 1
11 0.6578118390625 1 0.666926203125 0.8630532203125 0.6608688765624999 0.7993436703125 0.6386586796875 0.744735484375 0.6467351156250001 0.7234989703125 0.6326013515625 0.6719245703125 0.6396682328125001 0.658272525 0.6538019953124999 0.6552387359375 0.6739930843749999 0.676475253125 0.6891364015625 0.5991136578125 0.6638975406250001 0.582427821875 0.645725559375 0.536921003125 0.6386586796875 0.5384378953125 0.6426968953125 0.5687757765625 0.6013051625 0.6340022203125 0.5881809546875 0.5960798703125 0.5871714 0.5551237312499999 0.5790949640624999 0.573326459375 0.5518369937500001 0.5869785046875 0.5881809546875 0.65068805625 0.6184675875 0.8175463984375 0.614429371875 0.878222159375 0.6043338265625 0.9085600406250001 0.5871714 0.9252458750000001 0.5669803109375 0.9222120859375 0.5619325374999999 0.9297965578125 0.5578943203125 0.975303378125 0.5637645359375 1 0.6578118390625 1
11 0.5598124640625 1 0.5657272859375 0.8941522000000001 0.4159773390625 0.8501457875 0.39458447812499997 0.7113567062499999 0.49591900312500004 0.7299747328125 0.6186463921875001 0.8518384390625 0.5758606687500001 0.6284217109375 0.5165025859375 0.5611913078125 0.5003497140625 0.5338872125 0.489244615625 0.59001229375 0.4619866453125 0.658272525 0.4327095640625 0.58394471875 0.4276617921875 0.5126506984375 0.407470703125 0.5460223656250001 0.361031196875 0.573326459375 0.34790699062499997 0.59304608125 0.36204075156250004 0.8933911015625 0.3693179359375 1 0.5598124640625 1
8 0.8069731875 0.340853590625 0.700485534375 0.3514457671875 0.7208379296875 0.44533904843750005 0.7685608171875 0.44375658125 0.8069731875 0.340853590625
8 0.5938108265625 0.545562240625 0.6162686640625 0.5508371453125 0.636317965625 0.49378033749999994 0.5755638203125 0.4933406859375 0.5776692640625 0.5207701671875 0.5938108265625 0.545562240625
8 0.4499403359375 0.52499010625 0.46994183281249996 0.5339574296875 0.5033911484375 0.4746644953125 0.429587915625 0.4553614140625 0.4306406375 0.47962592343750005 0.4499403359375 0.52499010625
8 0.275771709375 0.4284593734375 0.320687384375 0.4316243078125 0.3431451953125 0.377820284375 0.31261659062499997 0.3393134921875 0.2599810453125 0.34564338125 0.25113728750000003 0.3718344421875 0.275771709375 0.4284593734375