3 0.2607421875 0.1171875 0.2431640625 0.12011718593750001 0.1972656234375 0.16552734375 0.1738281234375 0.25927734375 0.1738281234375 0.27978515625 0.1826171875 0.2900390640625 0.19140625 0.28271484375 0.2001953125 0.251953125 0.2294921875 0.2431640640625 0.2998046875 0.24609375 0.3125 0.25927734375 0.3125 0.27978515625 0.3300781234375 0.29150390625 0.3378906234375 0.26806640625 0.31640625 0.18310546875 0.2978515625 0.15234375 0.2607421875 0.1171875
3 0.5205078125 0.2900390640625 0.5048828125 0.29296875 0.48046875 0.32373046875 0.47265625 0.34716796875 0.4707031234375 0.41748046875 0.48046875 0.41748046875 0.5751953125 0.3896484359375 0.58203125 0.37646484375 0.5498046875 0.3046875 0.5205078125 0.2900390640625
3 0.4423828125 0.421875 0.4355468765625 0.37646484375 0.4208984375 0.3515625 0.3974609375 0.333984375 0.3759765625 0.33984375 0.34765625 0.38525390625 0.3417968765625 0.44970703125 0.3535156234375 0.45556640625 0.3515625 0.44091796875 0.3623046875 0.427734375 0.4150390625 0.416015625 0.4423828125 0.421875
3 0.7275390625 0.1904296859375 0.6904296875 0.169921875 0.6464843765625 0.21826171875 0.6269531234375 0.28564453125 0.6318359375 0.31640625 0.6425781234375 0.30908203125 0.64453125 0.27685546875 0.6630859375 0.251953125 0.7099609375 0.2431640640625 0.7353515625 0.2548828140625 0.7480468765625 0.27099609375 0.7578125 0.32666015625 0.7636718765625 0.32666015625 0.76953125 0.30615234375 0.7675781234375 0.27978515625 0.74609375 0.21533203125 0.7275390625 0.1904296859375
6 0.4472656234375 0.78369140625 0.453125 0.80126953125 0.4941406234375 0.73095703125 0.4833984375 0.708984375 0.453125 0.73681640625 0.4472656234375 0.78369140625
6 0.4550781234375 0.73095703125 0.44921875 0.77490234375 0.44921875 0.80126953125 0.4550781234375 0.80419921875 0.49609375 0.73388671875 0.4892578125 0.720703125 0.4716796875 0.7177734359375 0.4550781234375 0.73095703125
6 0.5283203125 0.7705078140625 0.5087890625 0.7880859359375 0.5 0.81005859375 0.5087890625 0.8232421859375 0.5644531234375 0.84521484375 0.5839843765625 0.83642578125 0.5839843765625 0.80419921875 0.5634765625 0.7646484359375 0.5283203125 0.7705078140625
5 0.19296875 0.33515625 0.02109375 0.065625
5 0.58046875 0.44375 0.01640625 0.05546875
5 0.4875 0.459375 0.02109375 0.046875
5 0.74921875 0.328125 0.01171875 0.0484375
11 0 0.99755859375 0.0732421875 0.9990234359375 0.08203125 0.99169921875 0.078125 0.96240234375 0.0546875 0.93310546875 0.05859375 0.88037109375 0.0693359375 0.8642578140625 0.08398437656249999 0.90380859375 0.09375 0.98291015625 0.1025390625 0.9990234359375 0.3417968765625 0.99755859375 0.3496093765625 0.98583984375 0.33984375 0.89794921875 0.3496093765625 0.73974609375 0.3203125 0.60498046875 0.29296875 0.55224609375 0.2744140625 0.4951171859375 0.26953125 0.52880859375 0.2792968765625 0.56103515625 0.2822265625 0.6064453140625 0.1884765625 0.421875 0.1591796875 0.4716796859375 0.0888671875 0.521484375 0.0576171875 0.5595703140625 0 0.67236328125 0 0.99755859375
11 1 0.68408203125 0.8759765625 0.486328125 0.7822265625 0.43359375 0.7607421875 0.3984375 0.7246093765625 0.55517578125 0.70703125 0.59326171875 0.69921875 0.57568359375 0.69921875 0.50830078125 0.6904296875 0.474609375 0.6542968765625 0.56689453125 0.6347656234375 0.98583984375 0.6396484375 0.99609375 0.6728515625 0.9990234359375 0.953125 0.99755859375 1 0.91259765625 1 0.68408203125
11 0.4189453125 0.908203125 0.40234375 0.89208984375 0.3925781234375 0.86279296875 0.3886718765625 0.80419921875 0.41796875 0.64306640625 0.453125 0.58154296875 0.4267578125 0.568359375 0.4189453125 0.55078125 0.41796875 0.59033203125 0.4052734375 0.626953125 0.3652343765625 0.56396484375 0.3691406234375 0.53466796875 0.3623046875 0.533203125 0.3447265625 0.5771484359375 0.3203125 0.59326171875 0.3349609375 0.66796875 0.3544921875 0.6474609359375 0.3681640625 0.650390625 0.375 0.66357421875 0.3613281234375 0.71337890625 0.3691406234375 0.73388671875 0.34765625 0.78662109375 0.3417968765625 0.84814453125 0.3515625 0.99462890625 0.4375 0.99755859375 0.4472656234375 0.95654296875 0.4433593765625 0.91259765625 0.4384765625 0.9052734359375 0.4189453125 0.908203125
11 0.6376953125 0.568359375 0.5927734375 0.5419921859375 0.5732421875 0.509765625 0.5683593765625 0.57861328125 0.5400390625 0.650390625 0.5136718765625 0.58447265625 0.5029296875 0.5302734359375 0.4873046875 0.556640625 0.4298864125 0.621564103125 0.388498915625 0.8373145703124999 0.5072156046875 0.7196324625 0.60523854375 0.7016532890625 0.5845447953125 0.83568 0.4396886390625 0.8781763890625 0.4462890625 0.99609375 0.6230468765625 0.99755859375 0.62890625 0.99169921875 0.63671875 0.87744140625 0.6503906234375 0.58740234375 0.6376953125 0.568359375
8 0.30933425468750003 0.3540922359375 0.20632659062499997 0.3438635171875 0.24348365312500003 0.443235521875 0.28964697031250003 0.44476368906249997 0.30933425468750003 0.3540922359375
8 0.428136921875 0.5176064859375 0.430173559375 0.49111821093749997 0.37140484375 0.4915427765625 0.3907989390625 0.5466417531250001 0.4125228609375 0.5415478499999999 0.428136921875 0.5176064859375
8 0.570360690625 0.47787405468750005 0.571379009375 0.45444215000000004 0.499987646875 0.47308287031249996 0.5323438484375 0.5303412421875 0.5516917015625 0.521681621875 0.570360690625 0.47787405468750005
8 0.6767207 0.4315195515625 0.7201685421875 0.42846321875 0.74399791875 0.3737812984375 0.735443171875 0.3484889515625 0.6845277421875 0.3423762640625 0.6549968046875 0.37956174531250003 0.6767207 0.4315195515625