3 0.2997325921875 0.16340159375000002 0.2806797921875 0.1317077015625 0.24257419218749998 0.09548611093750001 0.224524171875 0.09850457500000001 0.1773935609375 0.14529079843749998 0.153326865625 0.2418817078125 0.153326865625 0.2630109703125 0.16235187812500002 0.2735756015625 0.1713768875 0.266029434375 0.180401896875 0.23433554218750002 0.2104852671875 0.225280146875 0.28268535 0.22829861093749998 0.2957214765625 0.2418817078125 0.2957214765625 0.2630109703125 0.313771496875 0.2750848328125 0.32179372812499996 0.25093710625 0.2997325921875 0.16340159375000002
3 0.4681994546875 0.40487886562500003 0.5654690125 0.3762034390625 0.5724884640625 0.36262034375 0.539396759375 0.2886679296875 0.509313390625 0.2735756015625 0.493268928125 0.276594065625 0.4681994546875 0.3082879578125 0.4601772234375 0.332435684375 0.45817166406250004 0.40487886562500003 0.4681994546875 0.40487886562500003
3 0.3829632453125 0.31885258906249997 0.3609021078125 0.3248895203125 0.33182151875 0.3716757421875 0.3258048453125 0.4380819921875 0.337838190625 0.444118925 0.335832634375 0.42902659375 0.34686320312499996 0.41544349687500004 0.40101326562499995 0.403369634375 0.429091075 0.409406565625 0.4220716234375 0.36262034375 0.4070299390625 0.336963384375 0.3829632453125 0.31885258906249997
3 0.7630164625 0.2630109703125 0.7409553265625 0.1966047203125 0.7219025265625 0.1709477578125 0.683796928125 0.14981849687499998 0.6386718765625 0.19962318437499998 0.6186162953125 0.26904790156249997 0.6236301906249999 0.3007417921875 0.6346607578125 0.293195628125 0.6366663171875 0.259992503125 0.6557191171875 0.23433554218750002 0.70385250625 0.225280146875 0.7299247578125 0.237354009375 0.7429608859375 0.2539555703125 0.752988675 0.311306425 0.7590053484375 0.311306425 0.765022021875 0.2901771609375 0.7630164625 0.2630109703125
6 0.44012164374999996 0.7338916515625 0.4341049703125 0.78218710625 0.44012164374999996 0.8002979015625 0.482238359375 0.7278547203125 0.47120779218750003 0.705216225 0.44012164374999996 0.7338916515625
6 0.4421272015625 0.7278547203125 0.43611052812500006 0.7731317078125 0.43611052812500006 0.8002979015625 0.4421272015625 0.803316365625 0.48424391718750004 0.730873184375 0.47722446406249996 0.7172900890625 0.4591744453125 0.714271621875 0.4421272015625 0.7278547203125
6 0.5744940234375 0.803316365625 0.5534356640625 0.762567075 0.517335621875 0.768604009375 0.49728004375 0.786714803125 0.48825503281250004 0.8093532984375 0.49728004375 0.82293639375 0.5544384421874999 0.8455748890624999 0.5744940234375 0.8365194921875 0.5744940234375 0.803316365625
5 0.17265625 0.31953125 0.021875 0.06796875
5 0.57109375 0.43203125 0.01640625 0.05703125
5 0.475 0.44765625 0.02109375 0.0484375
5 0.74453125 0.31328125 0.0125 0.05
11 0.3274892515625 1 0.3338270765625 0.9904612531250001 0.32379928750000003 0.899907275 0.3338270765625 0.736910115625 0.3037437078125 0.598060684375 0.275665896875 0.5437282984375 0.256613096875 0.4848682125 0.251599203125 0.5195805703125 0.26162699375 0.552783696875 0.264635328125 0.59956991875 0.16836855 0.409406565625 0.1382851828125 0.460720484375 0.0660850984375 0.51203440625 0.0339961734375 0.5512744640625 0 0.6180503734375 0 1 0.05487756875000001 1 0.059065645312500005 0.9964981843749999 0.0550545296875 0.966313525 0.030987835937500003 0.936128865625 0.034998951562500005 0.8817964796875 0.0460295203125 0.86519491875 0.061071204687500005 0.9059442078125001 0.07109899374999999 0.9874427875 0.077925396875 1 0.3274892515625 1
11 1 0.6768749421875 0.8743249265624999 0.475812815625 0.7780581468750001 0.4214804296875 0.7559970125000001 0.38525883906249997 0.718894190625 0.546746765625 0.70084416875 0.5859868203125 0.6928219375 0.567876025 0.6928219375 0.49845131093750006 0.683796928125 0.4637389515625 0.6466941078125 0.558820628125 0.6266385265625 0.9904612531250001 0.6311655453125 1 0.9549384546875 1 1 0.9180509515624999 1 0.6768749421875
11 0.4246787546875 1 0.4341049703125 0.96027659375 0.43009385624999996 0.91499960625 0.425079959375 0.9074534390625001 0.40502438124999995 0.91047190625 0.38797713906250003 0.89387034375 0.3779493484375 0.8636856843749999 0.373938234375 0.803316365625 0.404021603125 0.6373007421875 0.44012164374999996 0.5739129578125 0.41304661249999997 0.5603298609375 0.40502438124999995 0.542219065625 0.404021603125 0.58296835625 0.3909854765625 0.6206991796875 0.34987154062500003 0.5558021609375 0.3538826546875 0.525617503125 0.34686320312499996 0.5241082703125 0.32881318125000003 0.5693852578125 0.3037437078125 0.5859868203125 0.3187853921875 0.6629577015625 0.338840971875 0.6418284390625 0.3528798765625 0.64484690625 0.359899328125 0.658430003125 0.3458604234375 0.7097439249999999 0.3538826546875 0.730873184375 0.33182151875 0.7852055703125 0.3258048453125 0.84859335625 0.335832634375 0.9995166515625 0.34996328593750003 1 0.4246787546875 1
11 0.617131790625 1 0.6206218546875 0.9964981843749999 0.6286440859375 0.8787780156249999 0.642682990625 0.5799498890625 0.6296468640625 0.5603298609375 0.5835190328125 0.5331636671875 0.5634634546874999 0.49996054218749997 0.5584495609375 0.5708944921875 0.5293689703125 0.64484690625 0.5022939390625 0.5769314249999999 0.49126337031249995 0.521089803125 0.47521890781250004 0.548255996875 0.4162592015625 0.615146853125 0.37376063125000003 0.8374352140625 0.49566434531250003 0.7161869828125 0.5963187734375001 0.697662984375 0.5750694875 0.8357511109375 0.42632457500000004 0.8795352703124999 0.433044959375 1 0.617131790625 1
8 0.2248523421875 0.43141437656250003 0.2722549421875 0.4329888515625 0.2924707453125 0.339569778125 0.1866977734375 0.3290310984375 0.2248523421875 0.43141437656250003
8 0.398429515625 0.532705865625 0.41446274531249994 0.5080390046875001 0.41655405781250004 0.48074805625000006 0.3562076578125 0.4811854875 0.3761224015625 0.537954128125 0.398429515625 0.532705865625
8 0.5413344312499999 0.51223763125 0.560504603125 0.4671025609375 0.5615502578125 0.44296059843749996 0.4882423484375 0.4621661890625 0.5214671734375 0.5211596640625 0.5413344312499999 0.51223763125
8 0.73880323125 0.3598554796875 0.7300188265625 0.333796696875 0.677736540625 0.327498778125 0.647412825 0.365811090625 0.6697199125 0.4193433765625 0.714334140625 0.41619442656250005 0.73880323125 0.3598554796875