6 0.571956496875 0.3702113125 0.5698066546875 0.36661097656249997 0.5698066546875 0.3594102984375 0.566581890625 0.35400978906249997 0.555832678125 0.35400978906249997 0.5472333078125 0.37561182187500003 0.540783778125 0.37561182187500003 0.5321844078125 0.3576101265625 0.5246599609375 0.3594102984375 0.5246599609375 0.36661097656249997 0.52895964375 0.37381165312500003 0.5311094875 0.388213009375 0.53325933125 0.39181334687499997 0.53325933125 0.4350174125 0.5375590140625001 0.44581843125000004 0.5375590140625001 0.4530191078125 0.546158384375 0.4602197859375 0.54400854375 0.4638201234375 0.54400854375 0.4710208015625 0.5450834640625 0.4728209703125 0.553682834375 0.4656202953125 0.5633571265625 0.44941876875000003 0.5698066546875 0.427816734375 0.571956496875 0.40981504218750003 0.574106340625 0.40621470156250006 0.571956496875 0.3702113125
6 0.6407514609375 0.71224350625 0.6364517765625 0.7014424874999999 0.6364517765625 0.6978421499999999 0.6332270125 0.6924416421874999 0.63107716875 0.6924416421874999 0.6289273265624999 0.6888413015625 0.6246276421875 0.6888413015625 0.6224777984375 0.6852409640625 0.6160282718750001 0.6852409640625 0.613878428125 0.6816406265625 0.6117285859375 0.6852409640625 0.6074289015625001 0.6852409640625 0.6042041359375 0.6906414734374999 0.6042041359375 0.7230445203125 0.5977546078125 0.7302451984375 0.5977546078125 0.7338455390624999 0.595604765625 0.7374458765624999 0.6009793718750001 0.7500470625 0.603129215625 0.7500470625 0.606353978125 0.755447571875 0.6074289015625001 0.757247740625 0.6181781140625 0.757247740625 0.626777484375 0.7428463859375001 0.6332270125 0.7428463859375001 0.63860161875 0.7338455390624999 0.63860161875 0.71584384375 0.6407514609375 0.71224350625
6 0.482738028125 0.7896507890625 0.49241232031250004 0.76264825 0.4945621625 0.7410462171875001 0.48918755625 0.7356457078124999 0.4698389734375 0.7320453671875 0.4676891296875 0.7356457078124999 0.461239603125 0.7356457078124999 0.4504903890625 0.7428463859375001 0.4397411765625 0.757247740625 0.435441490625 0.757247740625 0.4225424359375 0.768048759375 0.41824275 0.768048759375 0.4150179859375 0.7734492656249999 0.4150179859375 0.7806499421875001 0.4193176703125 0.7950512984375 0.42146751406250005 0.820253671875 0.42361735625 0.823854009375 0.42899196249999993 0.82565418125 0.446190703125 0.8004518078125 0.459089759375 0.8004518078125 0.461239603125 0.7968514703125 0.4698389734375 0.7968514703125 0.47843834375 0.7896507890625 0.482738028125 0.7896507890625
6 0.304301090625 0.7860504515625 0.280652821875 0.7860504515625 0.278502978125 0.7824501140625 0.244105496875 0.7860504515625 0.2247569140625 0.7752494343749999 0.2054083296875 0.7752494343749999 0.20003372343749998 0.7878506203125 0.20003372343749998 0.82745435 0.2054083296875 0.8364551953125 0.244105496875 0.82925451875 0.2591543953125 0.8400555359374999 0.2828026640625 0.8400555359374999 0.2903271140625 0.8490563828125 0.296776640625 0.8490563828125 0.296776640625 0.8166533312500001 0.2946267984375 0.805852315625 0.31075061875 0.8040521453125 0.31397538125 0.7950512984375 0.31075061875 0.7896507890625 0.304301090625 0.7860504515625
7 0.4676891296875 0.3792121625 0.51068598125 0.36841114531249997 0.51821043125 0.39901402343750003 0.5311094875 0.3954136875 0.5246599609375 0.3594102984375 0.5375590140625001 0.3594102984375 0.5278847234375 0.328807415625 0.4977869265625 0.321606740625 0.4752135796875 0.337808265625 0.4676891296875 0.3792121625
7 0.3172001453125 0.4728209703125 0.2946267984375 0.5070241890625 0.28602742812500004 0.5718302890625 0.26452900156250003 0.6330360515625 0.273128371875 0.71224350625 0.3053760109375 0.6258353734375001 0.316125225 0.6150343546875 0.31827506875 0.5574289343750001 0.34299825781250004 0.49442300625 0.3612719203125 0.48542215625 0.35804715625 0.47642131093750006 0.3172001453125 0.4728209703125
7 0.258079475 0.427816734375 0.293551878125 0.426016565625 0.296776640625 0.40981504218750003 0.2613042375 0.36841114531249997 0.23550612656249997 0.37201148125 0.215082621875 0.40261436406250006 0.2398058109375 0.40801487343750004 0.258079475 0.427816734375
5 0.23671875 0.4796875 0.0171875 0.04140625
5 0.3265625 0.565625 0.01796875 0.03828125
5 0.528125 0.415625 0.0140625 0.04140625
9 0.6160282718750001 0.760848078125 0.5999044515625 0.7482468953125 0.5827057109375 0.6942418109374999 0.5923800015625 0.6780402859375 0.6289273265624999 0.6888413015625 0.63860161875 0.7050428281250001 0.63860161875 0.7374458765624999 0.62355271875 0.75184723125 0.6353768546875 0.760848078125 0.65365051875 0.719444184375 0.64935083125 0.6654391000000001 0.632152090625 0.6222350328124999 0.6149533484374999 0.5466279187499999 0.5923800015625 0.50162368125 0.5472333078125 0.4836219875 0.5246599609375 0.5610292734375 0.512835825 0.5700301203125 0.5010116906250001 0.5466279187499999 0.5031615328125 0.5106245296874999 0.48058818593749997 0.490822665625 0.440816096875 0.5358269 0.43651641249999995 0.5682299515625 0.4429659390625 0.6150343546875 0.4741386578125 0.7248446921875 0.5418587015624999 0.7302451984375 0.5031615328125 0.7950512984375 0.49671200468750004 0.8526567203125 0.48596279062500003 0.8742587531250001 0.5171355109375 0.8904602765625 0.5784060249999999 0.8958607859375001 0.6160282718750001 0.8832596031250001 0.6257025625 0.8634577374999999 0.62355271875 0.8454560421874999 0.6128035078125 0.8310546875 0.62355271875 0.8166533312500001 0.621402878125 0.7770496046875001 0.6160282718750001 0.760848078125
9 0.44189101875 0.753647403125 0.44511578281249997 0.7410462171875001 0.3945944796875 0.6600385906249999 0.36879636875 0.6312358796875001 0.31075061875 0.6204348640624999 0.2817277421875 0.6978421499999999 0.2774280578125 0.7266448609375 0.2795779 0.7482468953125 0.298926484375 0.7482468953125 0.3010763265625 0.7806499421875001 0.316125225 0.7950512984375 0.30752585468750004 0.820253671875 0.32472459531250003 0.8526567203125 0.3053760109375 0.87785909375 0.3053760109375 0.9030614640625 0.385995109375 0.9048616328125 0.4246922765625 0.8976609578125 0.4322167265625 0.8850597703125 0.4322167265625 0.8490563828125 0.42146751406250005 0.823854009375 0.4150179859375 0.7770496046875001 0.44189101875 0.753647403125
9 0.23228136406250002 0.5682299515625 0.2279816765625 0.543027578125 0.19358419375 0.492622834375 0.19358419375 0.48182181875 0.1774603765625 0.4728209703125 0.16456132031249998 0.5052240203125 0.13231367968750002 0.5304263921875 0.118339703125 0.5538285968750001 0.131238759375 0.61143401875 0.131238759375 0.6546380843749999 0.1925092734375 0.6600385906249999 0.19788388125 0.6690394390625001 0.2021835640625 0.7662485875 0.2097080140625 0.7752494343749999 0.243030575 0.7842502828125 0.2570045515625 0.7860504515625 0.258079475 0.7698489281249999 0.2688286875 0.7482468953125 0.2666788453125 0.6798404546875 0.25592963125 0.607833678125 0.244105496875 0.5772307984375 0.23228136406250002 0.5682299515625
8 0.5311094875 0.424216396875 0.53325933125 0.4206160578125 0.5311094875 0.4170157203125 0.5311094875 0.40981504218750003 0.5278847234375 0.40441453281250006 0.519285353125 0.4224162296875 0.5149856671874999 0.426016565625 0.508536140625 0.426016565625 0.49993677031250006 0.43681758437499996 0.49563708437500004 0.43681758437499996 0.49348724062500005 0.43321724375 0.482738028125 0.43321724375 0.4762885 0.44401825937500006 0.47306373749999997 0.44581843125000004 0.4752135796875 0.44941876875000003 0.4752135796875 0.4638201234375 0.4816631078125 0.48182181875 0.4816631078125 0.489022496875 0.48918755625 0.50162368125 0.4945621625 0.5034238531249999 0.5042364546875 0.5052240203125 0.511760903125 0.492622834375 0.5139107468749999 0.48182181875 0.52895964375 0.4530191078125 0.52895964375 0.44581843125000004 0.5311094875 0.44221809062500006 0.5311094875 0.424216396875
8 0.38707003281249996 0.5898319843750001 0.38707003281249996 0.5790309671875 0.3849201890625 0.5754306296875 0.3849201890625 0.5538285968750001 0.38169542500000003 0.5484280874999999 0.3709462125 0.5484280874999999 0.36879636875 0.5520284281250001 0.3644966828125 0.5520284281250001 0.3623468421875 0.5484280874999999 0.353747471875 0.5484280874999999 0.351597628125 0.5520284281250001 0.3472979421875 0.5520284281250001 0.34514809999999996 0.5484280874999999 0.338698571875 0.5484280874999999 0.335473809375 0.5538285968750001 0.335473809375 0.5610292734375 0.3376236515625 0.5646296109375 0.3376236515625 0.5682299515625 0.3419233359375 0.5718302890625 0.340848415625 0.5772307984375 0.3376236515625 0.5790309671875 0.3376236515625 0.5862316453124999 0.333323965625 0.5934323218750001 0.3343988859375 0.59883283125 0.3365487296875 0.59883283125 0.3397734921875 0.604233340625 0.3397734921875 0.61143401875 0.3376236515625 0.6150343546875 0.34299825781250004 0.6240352046875 0.351597628125 0.6240352046875 0.35267255 0.6258353734375001 0.353747471875 0.6276355421875001 0.3709462125 0.6276355421875001 0.375245896875 0.6204348640624999 0.3795455828125 0.6204348640624999 0.3849201890625 0.61143401875 0.3849201890625 0.5934323218750001 0.38707003281249996 0.5898319843750001
8 0.2817277421875 0.5286262234375 0.29247695625 0.5142248671874999 0.2892521921875 0.5052240203125 0.2828026640625 0.5088243609374999 0.280652821875 0.5124246984374999 0.2763531359375 0.5124246984374999 0.270978528125 0.5034238531249999 0.270978528125 0.4998235125 0.2591543953125 0.48002165 0.25592963125 0.48182181875 0.258079475 0.48542215625 0.2516299453125 0.496223175 0.2516299453125 0.5034238531249999 0.2451804171875 0.5178252078125001 0.2451804171875 0.5286262234375 0.243030575 0.5322265625 0.243030575 0.5358269 0.2494801046875 0.5466279187499999 0.24733026093750002 0.5502282562499999 0.24733026093750002 0.5610292734375 0.25377978749999996 0.5718302890625 0.2570045515625 0.5736304578125 0.2591543953125 0.5700301203125 0.2656039234375 0.5700301203125 0.2795779 0.543027578125 0.2795779 0.539427240625 0.2817277421875 0.5358269 0.2817277421875 0.5286262234375