6 0.383622159375 0.28936023125 0.3814488640625 0.3258026859375 0.383622159375 0.3294469328125 0.3857954546875 0.3476681578125 0.39231534218749997 0.36953363125 0.4020951703125 0.3859327375 0.41078835312499995 0.393221225 0.41187500000000005 0.39139910312500004 0.41187500000000005 0.3841106125 0.4097017046875 0.38046636875 0.4183948875 0.37317787812500003 0.4183948875 0.3658893875 0.42274147656250005 0.35495665 0.42274147656250005 0.3112257046875 0.42491477343749995 0.3075814609375 0.42708806875 0.29300447812499997 0.4314346578125 0.2857159875 0.4314346578125 0.278427496875 0.423828125 0.276605371875 0.41513494375000004 0.2948266 0.40861505625000005 0.2948266 0.399921875 0.272961128125 0.3890553984375 0.272961128125 0.3857954546875 0.278427496875 0.3857954546875 0.2857159875 0.383622159375 0.28936023125
6 0.3184232953125 0.6246308109375 0.31407670468750004 0.6355635484375 0.31625000000000003 0.6392077921875 0.31625000000000003 0.657429021875 0.3216832375 0.6665396343750001 0.32820312500000004 0.6665396343750001 0.3368963078125 0.6811166156249999 0.347762784375 0.6811166156249999 0.34884943281249997 0.67929449375 0.352109375 0.673828125 0.3542826703125 0.673828125 0.35971590937500003 0.661073265625 0.3575426140625 0.657429021875 0.3575426140625 0.653784775 0.3510227265625 0.6464962828124999 0.3510227265625 0.6136980765625 0.347762784375 0.6082317078125 0.34341619218749997 0.6082317078125 0.3412428984375 0.6045874640625 0.3390696015625 0.6082317078125 0.332549715625 0.6082317078125 0.33037642031250003 0.6118759515625001 0.3260298296875 0.6118759515625001 0.323856534375 0.6155201984375 0.3216832375 0.6155201984375 0.3184232953125 0.6209865671875 0.3184232953125 0.6246308109375
6 0.4868536921875 0.7212033171875001 0.49554687499999994 0.7212033171875001 0.4977201703125 0.7248475609375 0.51075994375 0.7248475609375 0.5281463078125 0.75035728125 0.5335795453125 0.74853515625 0.5357528406250001 0.7448909109375 0.5379261359374999 0.7193811921875 0.5422727265625 0.7048042109375 0.5422727265625 0.69751571875 0.539012784375 0.692049353125 0.5346661921875 0.692049353125 0.5216264203125001 0.6811166156249999 0.5172798296875001 0.6811166156249999 0.506413353125 0.6665396343750001 0.49554687499999994 0.6592511437499999 0.48902698906250003 0.6592511437499999 0.4868536921875 0.655606896875 0.46729403437499994 0.6592511437499999 0.46186079687500003 0.6647175125 0.46403409062499995 0.686582984375 0.47381392031249997 0.7139148234375 0.47816051093749995 0.7139148234375 0.4868536921875 0.7212033171875001
6 0.661803978125 0.774044875 0.6683238640625 0.774044875 0.6759303984375 0.7649342625 0.6998366468749999 0.7649342625 0.715049715625 0.754001525 0.754169034375 0.761290015625 0.7596022734375001 0.752179403125 0.7596022734375001 0.7120927015625 0.754169034375 0.6993378421875 0.734609375 0.6993378421875 0.715049715625 0.7102705796875 0.6802769890625 0.7066263359375 0.6781036921875 0.7102705796875 0.65419744375 0.7102705796875 0.64767755625 0.7139148234375 0.6444176140625 0.7193811921875 0.64767755625 0.7284918046875 0.6639772734375 0.7303139296875 0.661803978125 0.7412466640625001 0.661803978125 0.774044875
7 0.4379545453125 0.3185141953125 0.4455610796875 0.287538109375 0.48902698906250003 0.29847084687500003 0.48142045468749994 0.25656202499999997 0.458600853125 0.24016292031250003 0.428174715625 0.2474514078125 0.4183948875 0.278427496875 0.4314346578125 0.278427496875 0.42491477343749995 0.31486995156250003 0.4379545453125 0.3185141953125
7 0.6150781249999999 0.4150867015625 0.640071021875 0.47886099375 0.64224431875 0.5371689203125001 0.653110796875 0.5481016578125 0.6857102265624999 0.6355635484375 0.694403409375 0.55539015 0.6726704546875 0.493437975 0.6639772734375 0.4278415578125 0.6411576703125 0.393221225 0.59986505625 0.396865471875 0.5966051125 0.4059760859375 0.6150781249999999 0.4150867015625
7 0.697663353125 0.287538109375 0.661803978125 0.3294469328125 0.6650639203125001 0.3458460359375 0.7009232953125 0.3476681578125 0.7193963078125 0.3276248109375 0.744389203125 0.3221584421875 0.7237428984375 0.291182353125 0.697663353125 0.287538109375
5 0.72265625 0.40078125 0.01796875 0.0421875
5 0.63125 0.4875 0.01796875 0.0390625
5 0.428125 0.33515625 0.0140625 0.0421875
9 0.3227698875 0.5444574109375 0.3053835234375 0.58818835625 0.30103693125 0.6428520390625 0.31950994375 0.6847608593750001 0.33146306875 0.675650246875 0.31625000000000003 0.661073265625 0.31625000000000003 0.6282750578125 0.3260298296875 0.6118759515625001 0.36297585312499997 0.6009432171875 0.37275568125 0.6173423203125 0.35536931875 0.672006003125 0.3390696015625 0.6847608593750001 0.3336363640625 0.7011599671875001 0.33146306875 0.7412466640625001 0.34232954531250004 0.7558236468749999 0.33146306875 0.770400628125 0.3292897734375 0.78862185625 0.3390696015625 0.8086652078125001 0.37710227343749997 0.8214200640625 0.4390411921875 0.8159536953125001 0.470553978125 0.7995545921875 0.45968749999999997 0.77768911875 0.45316761406249995 0.7193811921875 0.4140482953125 0.653784775 0.48250710156250004 0.6483184078125 0.5140198875 0.5371689203125001 0.5205397734375 0.48979373125 0.51619318125 0.456995521875 0.475987215625 0.4114424546875 0.45316761406249995 0.4314858046875 0.455340909375 0.467928259375 0.44338778437500004 0.491615853125 0.4314346578125 0.482505240625 0.40861505625000005 0.40415396406250004 0.36297585312499997 0.42237518906249993 0.34015625156249996 0.467928259375 0.3227698875 0.5444574109375
9 0.5248863640625 0.8104873296875 0.5324928984375 0.8232421890625 0.571612215625 0.8305306765625 0.653110796875 0.8287085546874999 0.653110796875 0.8031988390624999 0.6335511359375 0.77768911875 0.6509375000000001 0.7448909109375 0.64224431875 0.7193811921875 0.6574573859374999 0.7048042109375 0.65963068125 0.672006003125 0.6791903421875001 0.672006003125 0.6813636359374999 0.65014053125 0.6770170453125 0.6209865671875 0.64767755625 0.5426352890625 0.5889985796875 0.553568025 0.562919034375 0.5827219875 0.511846590625 0.6647175125 0.515106534375 0.677472371875 0.5422727265625 0.7011599671875001 0.5357528406250001 0.74853515625 0.5248863640625 0.774044875 0.5248863640625 0.8104873296875
9 0.69005681875 0.672006003125 0.7009232953125 0.693871475 0.70200994375 0.7102705796875 0.7161363640625 0.7084484578125 0.7498224437500001 0.6993378421875 0.757428978125 0.690227228125 0.7617755671875 0.5918326031250001 0.7672088078125 0.5827219875 0.8291477265625 0.577255621875 0.8291477265625 0.5335246765625 0.8421875 0.47521674999999997 0.8280610796874999 0.45152915312499997 0.795461646875 0.4260194359375 0.782421875 0.393221225 0.766122159375 0.40233184218750007 0.766122159375 0.4132645765625 0.7313494328125001 0.4642840125 0.727002840625 0.48979373125 0.715049715625 0.49890434375000003 0.703096590625 0.5298804296874999 0.6922301125 0.6027653390625 0.69005681875 0.672006003125
8 0.42274147656250005 0.3403796671875 0.42491477343749995 0.3440239140625 0.42491477343749995 0.362245140625 0.42708806875 0.3658893875 0.42708806875 0.37317787812500003 0.4423011359375 0.40233184218750007 0.4444744328125 0.4132645765625 0.452080965625 0.4260194359375 0.46186079687500003 0.42419731406250005 0.46729403437499994 0.42237518906249993 0.47490056718749996 0.4096203328125 0.47490056718749996 0.40233184218750007 0.48142045468749994 0.3841106125 0.48142045468749994 0.36953363125 0.4835937484375 0.3658893875 0.4803338078125 0.3640672625 0.47381392031249997 0.353134528125 0.46294744374999997 0.353134528125 0.46077414687499996 0.356778775 0.45642755625 0.356778775 0.447734375 0.3458460359375 0.4412144890625 0.3458460359375 0.4368678984375 0.3422017921875 0.428174715625 0.32398056406250003 0.42491477343749995 0.3294469328125 0.42491477343749995 0.3367354234375 0.42274147656250005 0.3403796671875
8 0.6129048296875 0.46975038125 0.6107315343749999 0.473394628125 0.60638494375 0.473394628125 0.604211646875 0.46975038125 0.595518465625 0.46975038125 0.5933451703125 0.473394628125 0.5889985796875 0.473394628125 0.5868252843749999 0.46975038125 0.5759588078125 0.46975038125 0.5726988640624999 0.47521674999999997 0.5726988640624999 0.49708222187500006 0.5705255671875 0.5007264671875 0.5705255671875 0.5116592046874999 0.5726988640624999 0.5153034484375 0.5726988640624999 0.5335246765625 0.5781321015625001 0.5426352890625 0.5824786921875 0.5426352890625 0.5868252843749999 0.54992378125 0.604211646875 0.54992378125 0.6052982953125 0.5481016578125 0.60638494375 0.5462795359375 0.6150781249999999 0.5462795359375 0.6205113640625 0.5371689203125001 0.61833806875 0.5335246765625 0.61833806875 0.5262361859375 0.6215980109375 0.5207698171875 0.6237713078125 0.5207698171875 0.6248579546874999 0.5153034484375 0.6205113640625 0.5080149578125 0.6205113640625 0.5007264671875 0.6172514203125 0.49890434375000003 0.6161647734375 0.493437975 0.6205113640625 0.48979373125 0.6205113640625 0.486149484375 0.6226846578125 0.482505240625 0.6226846578125 0.47521674999999997 0.619424715625 0.46975038125 0.6129048296875 0.46975038125
8 0.6694105109375 0.4260194359375 0.6661505671875 0.43513004843749997 0.6770170453125 0.44970703125 0.6770170453125 0.456995521875 0.6791903421875001 0.46063976875 0.6791903421875001 0.4642840125 0.6933167625000001 0.491615853125 0.6998366468749999 0.491615853125 0.70200994375 0.49526009687499994 0.7052698875 0.493437975 0.7117897734375 0.482505240625 0.7117897734375 0.471572503125 0.7096164765624999 0.467928259375 0.7161363640625 0.456995521875 0.7161363640625 0.453351278125 0.71396306875 0.44970703125 0.71396306875 0.43877429531249995 0.70744318125 0.42419731406250005 0.70744318125 0.41690882343749996 0.7009232953125 0.4059760859375 0.703096590625 0.40233184218750007 0.6998366468749999 0.40050971874999997 0.6878835234375 0.42055306718749996 0.6878835234375 0.42419731406250005 0.682450284375 0.4333079265625 0.6781036921875 0.4333079265625 0.6759303984375 0.4296636828125 0.6694105109375 0.4260194359375