6 0.4511718765625 0.40986808437500005 0.4550781234375 0.40007044062499997 0.4550781234375 0.36087986562499996 0.45703125 0.3576139859375 0.4589843765625 0.3445504625 0.4628906234375 0.3380187 0.4628906234375 0.33148693749999997 0.4560546875 0.32985399531250004 0.4482421875 0.3461834015625 0.4423828125 0.3461834015625 0.4345703125 0.3265881140625 0.4248046875 0.3265881140625 0.421875 0.33148693749999997 0.421875 0.3380187 0.4199218765625 0.34128457968750003 0.41796875 0.373943390625 0.4199218765625 0.3772092734375 0.421875 0.393538678125 0.4277343765625 0.41313396406249997 0.4365234375 0.42783043125000003 0.4443359375 0.43436219062500003 0.4453125 0.43272925156250003 0.4453125 0.4261974890625 0.4433593765625 0.42293160937499996 0.4511718765625 0.416399846875 0.4511718765625 0.40986808437500005
6 0.3964843765625 0.6711385765625 0.3964843765625 0.6678726937499999 0.390625 0.66134093125 0.390625 0.631948003125 0.3876953125 0.6270491796875 0.3837890625 0.6270491796875 0.3818359375 0.6237833 0.3798828125 0.6270491796875 0.3740234375 0.6270491796875 0.3720703125 0.630315059375 0.3681640625 0.630315059375 0.3662109375 0.6335809421875 0.3642578125 0.6335809421875 0.3613281234375 0.638479765625 0.3613281234375 0.6417456453125 0.3574218765625 0.6515432890625 0.359375 0.6548091687500001 0.359375 0.6711385765625 0.3642578125 0.679303278125 0.3701171875 0.679303278125 0.3779296875 0.692366803125 0.3876953125 0.692366803125 0.3886718765625 0.6907338640625 0.3916015625 0.685835040625 0.3935546875 0.685835040625 0.3984375 0.67440445625 0.3964843765625 0.6711385765625
6 0.5625 0.7070632671875 0.5595703125 0.7021644484375 0.5556640625 0.7021644484375 0.5439453125 0.692366803125 0.5400390625 0.692366803125 0.5302734375 0.679303278125 0.5205078125 0.672771515625 0.5146484375 0.672771515625 0.5126953125 0.669505634375 0.4951171875 0.672771515625 0.4902343765625 0.6776703390625001 0.4921875 0.697265625 0.5009765625 0.7217597328124999 0.5048828125 0.7217597328124999 0.5126953125 0.728291496875 0.5205078125 0.728291496875 0.5224609375 0.7315573765625001 0.5341796875 0.7315573765625001 0.5498046875 0.754418546875 0.5546875 0.752785603125 0.5566406234375 0.7495197234375001 0.55859375 0.7266585546875 0.5625 0.7135950296875 0.5625 0.7070632671875
6 0.7529296875 0.7642161890625 0.7578125 0.7560514859375 0.7578125 0.7201267921875 0.7529296875 0.7086962078125 0.7353515625 0.7086962078125 0.7177734375 0.718493853125 0.6865234375 0.7152279734375 0.6845703125 0.718493853125 0.6630859375 0.718493853125 0.6572265625 0.7217597328124999 0.6542968765625 0.7266585546875 0.6572265625 0.73482325625 0.671875 0.7364562 0.6699218765625 0.7462538421875 0.6699218765625 0.7756467734375 0.67578125 0.7756467734375 0.6826171875 0.7674820703125 0.7041015625 0.7674820703125 0.7177734375 0.7576844265625 0.7529296875 0.7642161890625
7 0.4873046875 0.2971951859375 0.4599609375 0.3037269453125 0.4511718765625 0.33148693749999997 0.4628906234375 0.33148693749999997 0.45703125 0.3641457484375 0.46875 0.367411628125 0.4755859375 0.3396516390625 0.5146484375 0.349449284375 0.5078125 0.31189165 0.4873046875 0.2971951859375
7 0.6513671875 0.43436219062500003 0.6142578125 0.43762807343750004 0.6113281234375 0.44579277656249994 0.6279296875 0.45395748124999996 0.6503906234375 0.5111103984375001 0.65234375 0.563364496875 0.6621093765625 0.5731621421875001 0.69140625 0.6515432890625 0.69921875 0.5796939046875 0.6796875 0.5241739234375 0.671875 0.46538806250000003 0.6513671875 0.43436219062500003
7 0.7021484375 0.3396516390625 0.6699218765625 0.3772092734375 0.6728515625 0.3919057375 0.7050781234375 0.393538678125 0.7216796875 0.3755763328125 0.7441406234375 0.3706775109375 0.7255859375 0.34291751875 0.7021484375 0.3396516390625
5 0.72421875 0.440625 0.015625 0.0375
5 0.64296875 0.51875 0.01640625 0.034375
5 0.46015625 0.3828125 0.0125 0.0375
9 0.4824218765625 0.7266585546875 0.4472656234375 0.6678726937499999 0.5087890625 0.6629738749999999 0.5371093765625 0.563364496875 0.54296875 0.52090804375 0.5390625 0.4915151125 0.5029296875 0.45069159843750006 0.4824218765625 0.46865394531250004 0.484375 0.50131275625 0.4736328125 0.522540984375 0.4628906234375 0.51437628125 0.4423828125 0.44415983593749997 0.4013671875 0.460489240625 0.3808593765625 0.50131275625 0.3652343765625 0.569896259375 0.3496093765625 0.6090868328125 0.3457031234375 0.6580750515625 0.3623046875 0.6956326828125 0.3730468765625 0.68746798125 0.359375 0.67440445625 0.359375 0.6450115265624999 0.3681640625 0.630315059375 0.4013671875 0.62051741875 0.41015625 0.6352138828125 0.39453125 0.6842021015624999 0.3798828125 0.6956326828125 0.375 0.71032915 0.3730468765625 0.7462538421875 0.3828125 0.7593173656250001 0.3730468765625 0.772380890625 0.37109375 0.7887102984375 0.3798828125 0.8066726453124999 0.4140625 0.8181032265624999 0.4697265625 0.8132044046875 0.4980468765625 0.798507940625 0.48828125 0.778912653125 0.4824218765625 0.7266585546875
9 0.65234375 0.7266585546875 0.6660156234375 0.7135950296875 0.66796875 0.6842021015624999 0.6855468765625 0.6842021015624999 0.6875 0.6646068140625 0.68359375 0.638479765625 0.6572265625 0.5682633203125 0.6044921875 0.5780609625 0.5810546875 0.6041880109375 0.53515625 0.6776703390625001 0.5380859375 0.6891009234375 0.5625 0.71032915 0.5566406234375 0.752785603125 0.546875 0.7756467734375 0.546875 0.808305584375 0.5537109375 0.8197361687500001 0.5888671875 0.8262679296875 0.6621093765625 0.8246349890625 0.6621093765625 0.8017738218750001 0.64453125 0.778912653125 0.66015625 0.7495197234375001 0.65234375 0.7266585546875
9 0.7646484375 0.6041880109375 0.8203125 0.599289190625 0.8203125 0.5600986171875 0.83203125 0.50784451875 0.8193359375 0.4866162890625 0.7900390625 0.46375512343749997 0.7783203125 0.43436219062500003 0.7636718765625 0.442526896875 0.7636718765625 0.4523245375 0.7324218765625 0.498046875 0.7285156234375 0.52090804375 0.7177734375 0.5290727453125 0.70703125 0.556832734375 0.6972656234375 0.6221503578124999 0.6953125 0.6842021015624999 0.7050781234375 0.7037973875 0.7060546875 0.718493853125 0.71875 0.7168609125 0.7490234375 0.7086962078125 0.7558593765625 0.7005315046875 0.7597656234375 0.6123527156249999 0.7646484375 0.6041880109375
8 0.5078125 0.4261974890625 0.5078125 0.41313396406249997 0.5097656234375 0.40986808437500005 0.5068359375 0.4082351421875 0.5009765625 0.3984375 0.4912109375 0.3984375 0.4892578125 0.4017033828125 0.4853515625 0.4017033828125 0.4775390625 0.3919057375 0.4716796875 0.3919057375 0.4677734375 0.3886398578125 0.4599609375 0.37231045156250003 0.45703125 0.3772092734375 0.45703125 0.38374103593750003 0.4550781234375 0.387006915625 0.45703125 0.39027279843749996 0.45703125 0.40660220156250004 0.4589843765625 0.40986808437500005 0.4589843765625 0.416399846875 0.47265625 0.442526896875 0.4746093765625 0.4523245375 0.4814453125 0.46375512343749997 0.4902343765625 0.4621221828125 0.4951171875 0.460489240625 0.5019531234375 0.4490586578125 0.5019531234375 0.442526896875 0.5078125 0.4261974890625
8 0.6308593765625 0.5600986171875 0.6308593765625 0.5535668546875 0.6337890625 0.5486680328125 0.6357421875 0.5486680328125 0.63671875 0.5437692109375 0.6328125 0.5372374484375 0.6328125 0.5307056859375 0.6298828125 0.5290727453125 0.62890625 0.5241739234375 0.6328125 0.52090804375 0.6328125 0.5176421609374999 0.6347656234375 0.51437628125 0.6347656234375 0.50784451875 0.6318359375 0.502945696875 0.6259765625 0.502945696875 0.6240234375 0.5062115796875 0.6201171875 0.5062115796875 0.6181640625 0.502945696875 0.6103515625 0.502945696875 0.6083984375 0.5062115796875 0.6044921875 0.5062115796875 0.6025390625 0.502945696875 0.5927734375 0.502945696875 0.58984375 0.50784451875 0.58984375 0.5274398062500001 0.5878906234375 0.5307056859375 0.5878906234375 0.5405033312499999 0.58984375 0.5437692109375 0.58984375 0.5600986171875 0.5947265625 0.5682633203125 0.5986328125 0.5682633203125 0.6025390625 0.57479508125 0.6181640625 0.57479508125 0.6191406234375 0.5731621421875001 0.6201171875 0.5715292015625 0.6279296875 0.5715292015625 0.6328125 0.563364496875 0.6308593765625 0.5600986171875
8 0.71875 0.4915151125 0.71875 0.4882492328125 0.7167968765625 0.48498335 0.7167968765625 0.4751857078125 0.7109375 0.4621221828125 0.7109375 0.4555904203125 0.7050781234375 0.44579277656249994 0.70703125 0.442526896875 0.7041015625 0.44089395624999994 0.6933593765625 0.4588563 0.6933593765625 0.4621221828125 0.6884765625 0.4702868859375 0.6845703125 0.4702868859375 0.6826171875 0.46702100468749996 0.6767578125 0.46375512343749997 0.6738281234375 0.47191982499999996 0.68359375 0.48498335 0.68359375 0.4915151125 0.6855468765625 0.49478099531249997 0.6855468765625 0.498046875 0.6982421875 0.522540984375 0.7041015625 0.522540984375 0.7060546875 0.5258068640625 0.7089843765625 0.5241739234375 0.71484375 0.51437628125 0.71484375 0.5045786359375 0.7128906234375 0.50131275625 0.71875 0.4915151125