12 0.684375 0.61484375 0.02109375 0.16796875
12 0.63203125 0.740625 0.04296875 0.22890625
11 0.684375 0.62109375 0.02109375 0.10625
12 0.6046875 0.73515625 0.04140625 0.20390625
11 0.63359375 0.75234375 0.0421875 0.16953125
12 0.54609375 0.76484375 0.03671875 0.23515625
11 0.5578125 0.77578125 0.0421875 0.1890625
11 0.60703125 0.73984375 0.0359375 0.13984375
12 0.5296875 0.7359375 0.0328125 0.23828125
3 0.54375 0.66328125 0.0234375 0.02578125
3 0.53671875 0.63203125 0.021875 0.02734375
3 0.61328125 0.64375 0.01953125 0.025
3 0.68515625 0.540625 0.01796875 0.021875
3 0.63984375 0.6375 0.0203125 0.02890625
13 0.5546875 0.86875 0.01875 0.01484375
13 0.615625 0.83828125 0.01875 0.021875
13 0.53828125 0.8765625 0.0171875 0.01640625
13 0.5890625 0.83046875 0.01875 0.0171875
11 0.53359375 0.74296875 0.03359375 0.171875
13 0.6390625 0.84609375 0.0171875 0.0171875
13 0.52265625 0.84609375 0.0171875 0.025
13 0.68515625 0.68359375 0.0203125 0.03203125