12 0.38125 0.73046875 0.03203125 0.21953125
12 0.4125 0.76015625 0.03984375 0.2140625
11 0.4171875 0.76796875 0.03125 0.178125
11 0.37890625 0.74375 0.034375 0.1640625
12 0.4265625 0.6671875 0.02734375 0.0921875
12 0.34140625 0.6734375 0.03515625 0.17890625
3 0.41640625 0.6671875 0.0234375 0.0296875
3 0.4234375 0.63359375 0.0203125 0.02578125
3 0.34921875 0.5921875 0.01640625 0.0203125
3 0.340625 0.571875 0.0171875 0.0203125
11 0.3390625 0.67265625 0.03046875 0.12421875
3 0.37578125 0.6296875 0.01953125 0.02734375
13 0.403125 0.85859375 0.02265625 0.02265625
13 0.37578125 0.8296875 0.01953125 0.01796875