12 0.37421875 0.709375 0.0359375 0.19296875
11 0.35234375 0.728125 0.0375 0.1578125
12 0.3390625 0.5703125 0.01953125 0.08671875
12 0.35 0.7140625 0.0390625 0.2078125
12 0.41171875 0.7390625 0.04609375 0.215625
11 0.4125 0.746875 0.03828125 0.17109375
11 0.37421875 0.71875 0.03671875 0.14453125
12 0.42109375 0.65 0.0296875 0.09140625
3 0.4125 0.6453125 0.02265625 0.02890625
3 0.41953125 0.61875 0.01953125 0.025
3 0.37421875 0.62421875 0.0171875 0.02265625
3 0.33671875 0.53359375 0.01640625 0.01953125
3 0.34296875 0.62265625 0.01875 0.0265625
13 0.4 0.8359375 0.021875 0.021875
13 0.36484375 0.803125 0.0171875 0.0203125
11 0.33984375 0.58203125 0.01953125 0.06171875
13 0.41796875 0.83359375 0.015625 0.01484375
13 0.38984375 0.79375 0.0171875 0.015625