12 0.2625 0.76015625 0.0375 0.20390625
12 0.36640625 0.7890625 0.04296875 0.24921875
11 0.36953125 0.8015625 0.0359375 0.184375
12 0.2671875 0.6359375 0.02109375 0.1578125
12 0.31875 0.7703125 0.0421875 0.23046875
11 0.26875 0.6375 0.021875 0.09765625
11 0.3265625 0.7734375 0.02578125 0.15703125
12 0.44453125 0.79765625 0.03125 0.234375
11 0.4453125 0.8078125 0.02578125 0.16796875
12 0.4484375 0.6828125 0.03125 0.08125
3 0.44375 0.6875 0.0234375 0.02578125
3 0.44609375 0.65859375 0.021875 0.02734375
3 0.26328125 0.5703125 0.01796875 0.021875
3 0.3734375 0.67578125 0.02265625 0.0234375
13 0.4421875 0.8984375 0.02421875 0.0265625
3 0.32578125 0.67109375 0.0234375 0.025
13 0.3296875 0.859375 0.01796875 0.0359375
13 0.31015625 0.86484375 0.02265625 0.04375
3 0.2375 0.65078125 0.01796875 0.0265625
11 0.26328125 0.75078125 0.03671875 0.12265625
13 0.27734375 0.8359375 0.0109375 0.04609375
13 0.26171875 0.8359375 0.0109375 0.04609375
3 0.25234375 0.67265625 0.01796875 0.0265625
12 0.2375 0.734375 0.01484375 0.1921875
13 0.240625 0.80625 0.0109375 0.04609375
13 0.3515625 0.896875 0.01796875 0.0359375
13 0.378125 0.8984375 0.02109375 0.02265625
11 0.2375 0.7328125 0.01875 0.10859375