12 0.63359375 0.7265625 0.02734375 0.21953125
12 0.6 0.75546875 0.03125 0.2203125
11 0.6 0.76328125 0.03125 0.1671875
11 0.634375 0.728125 0.028125 0.1515625
12 0.58984375 0.72421875 0.03125 0.22109375
12 0.65390625 0.66640625 0.028125 0.1875
3 0.60625 0.659375 0.02265625 0.025
3 0.590625 0.628125 0.0203125 0.02578125
3 0.65546875 0.56953125 0.01640625 0.0203125
3 0.65 0.58515625 0.0171875 0.0203125
11 0.6484375 0.6671875 0.01796875 0.121875
3 0.63203125 0.625 0.01875 0.02734375
13 0.60546875 0.86171875 0.01484375 0.02421875
13 0.60390625 0.85546875 0.015625 0.01796875
13 0.634375 0.8265625 0.01640625 0.01796875
11 0.58828125 0.73125 0.02421875 0.17265625