12 0.95078125 0.73203125 0.059375 0.20859375
12 0.753125 0.59296875 0.02109375 0.16953125
12 0.6671875 0.74765625 0.0640625 0.253125
11 0.75078125 0.59375 0.0234375 0.11171875
11 0.66875 0.7578125 0.0625 0.1953125
12 0.57890625 0.74296875 0.03125 0.234375
11 0.57890625 0.74765625 0.02734375 0.1765625
12 0.59453125 0.7015625 0.02734375 0.225
3 0.58359375 0.64140625 0.0234375 0.02578125
3 0.5859375 0.6078125 0.021875 0.02734375
3 0.75390625 0.5171875 0.01796875 0.021875
3 0.66640625 0.62578125 0.0171875 0.025
13 0.5796875 0.84921875 0.021875 0.0203125
13 0.74453125 0.6625 0.0125 0.02421875
3 0.67109375 0.63828125 0.01953125 0.02578125
13 0.675 0.85859375 0.0109375 0.02734375
13 0.64765625 0.8640625 0.02578125 0.02109375
3 0.96640625 0.6421875 0.01875 0.02734375
11 0.9515625 0.72421875 0.0375 0.11875
13 0.93046875 0.809375 0.0171875 0.04453125
13 0.946875 0.8140625 0.01328125 0.0453125
13 0.76171875 0.6609375 0.0171875 0.0265625