12 0.32421875 0.71875 0.03203125 0.21953125
11 0.32578125 0.72734375 0.025 0.15546875
12 0.3921875 0.70625 0.0171875 0.20546875
12 0.365625 0.6484375 0.028125 0.17265625
12 0.33125 0.60078125 0.0265625 0.0921875
12 0.3140625 0.653125 0.01875 0.18125
12 0.26875 0.5796875 0.025 0.1375
12 0.4078125 0.740625 0.03046875 0.21953125
3 0.40703125 0.64140625 0.021875 0.02421875
3 0.39296875 0.6171875 0.01953125 0.025
3 0.365625 0.571875 0.01796875 0.01953125
3 0.3265625 0.56171875 0.015625 0.01953125
3 0.3125 0.57578125 0.01640625 0.025
3 0.2640625 0.5171875 0.01015625 0.01796875
11 0.26484375 0.5734375 0.01796875 0.08515625
11 0.31015625 0.6640625 0.0171875 0.13515625
11 0.3328125 0.6140625 0.02265625 0.0703125
11 0.41328125 0.746875 0.03125 0.16875
3 0.3265625 0.61796875 0.01875 0.0265625
13 0.3234375 0.81796875 0.01171875 0.03203125
13 0.40234375 0.840625 0.01796875 0.0203125
13 0.26640625 0.6296875 0.01171875 0.028125
9 0.36484375 0.6515625 0.02890625 0.12265625
11 0.38984375 0.71796875 0.02109375 0.15078125
13 0.3921875 0.80078125 0.01484375 0.0171875
13 0.2765625 0.63359375 0.01015625 0.03203125