12 0.33359375 0.65390625 0.0203125 0.18828125
12 0.3703125 0.72421875 0.03125 0.2171875
12 0.4015625 0.75390625 0.0390625 0.2125
11 0.40625 0.7609375 0.03125 0.1765625
11 0.3703125 0.73671875 0.03359375 0.16953125
12 0.41484375 0.66328125 0.02734375 0.09140625
12 0.35625 0.65546875 0.0265625 0.1515625
3 0.40546875 0.6609375 0.0234375 0.0296875
3 0.4109375 0.628125 0.0203125 0.02578125
3 0.3609375 0.590625 0.01640625 0.0203125
3 0.33046875 0.5671875 0.0171875 0.0203125
11 0.34921875 0.6640625 0.0125 0.11640625
3 0.365625 0.62421875 0.01875 0.02734375
13 0.39140625 0.85234375 0.021875 0.02265625
13 0.36484375 0.821875 0.01953125 0.01796875
11 0.33515625 0.653125 0.01875 0.125
13 0.334375 0.72734375 0.0171875 0.0265625