12 0.33125 0.7359375 0.0546875 0.2328125
12 0.40390625 0.7578125 0.046875 0.2359375
11 0.40546875 0.7671875 0.04296875 0.17734375
12 0.25625 0.77109375 0.059375 0.25
9 0.25625 0.77265625 0.06015625 0.18515625
11 0.3265625 0.74453125 0.05390625 0.1734375
12 0.41328125 0.6546875 0.03515625 0.08671875
12 0.35703125 0.64921875 0.02578125 0.2
12 0.325 0.615625 0.0234375 0.10234375
3 0.4 0.6578125 0.02421875 0.0265625
3 0.40859375 0.625 0.021875 0.02734375
3 0.35546875 0.5578125 0.0171875 0.021875
3 0.32890625 0.5765625 0.01796875 0.021875
11 0.321875 0.60703125 0.01953125 0.02421875
11 0.35546875 0.64921875 0.02578125 0.12421875
3 0.32109375 0.63046875 0.0203125 0.02890625
13 0.3890625 0.846875 0.02109375 0.04140625
13 0.40859375 0.865625 0.01640625 0.01875
7 0.25 0.65859375 0.0234375 0.025
13 0.34921875 0.8421875 0.0171875 0.01875
13 0.325 0.84140625 0.0125 0.02265625