12 0.6640625 0.6390625 0.0234375 0.128125
12 0.653125 0.77421875 0.04296875 0.2296875
11 0.66328125 0.63203125 0.0234375 0.05625
12 0.6234375 0.77109375 0.04453125 0.2140625
11 0.65390625 0.7859375 0.0421875 0.1703125
12 0.58515625 0.8 0.05078125 0.23828125
11 0.578125 0.809375 0.0421875 0.18984375
11 0.628125 0.7734375 0.0359375 0.140625
12 0.55859375 0.77109375 0.05078125 0.25
3 0.58046875 0.696875 0.025 0.03125
3 0.559375 0.66484375 0.021875 0.02734375
3 0.6328125 0.67734375 0.01953125 0.025
3 0.6671875 0.58515625 0.01796875 0.021875
3 0.66015625 0.67109375 0.0203125 0.0296875
13 0.59765625 0.90859375 0.02421875 0.02421875
13 0.6359375 0.87265625 0.01875 0.021875
13 0.578125 0.90625 0.0171875 0.01640625
13 0.60859375 0.86171875 0.01875 0.0171875
11 0.553125 0.7765625 0.034375 0.17265625
13 0.659375 0.88046875 0.0171875 0.0171875
13 0.54375 0.8765625 0.01875 0.03359375