12 0.34453125 0.64140625 0.02109375 0.18203125
12 0.38046875 0.71171875 0.03125 0.2140625
12 0.415625 0.74453125 0.046875 0.215625
11 0.4203125 0.74765625 0.0390625 0.1734375
11 0.3796875 0.72421875 0.03203125 0.16640625
12 0.421875 0.64765625 0.0265625 0.084375
12 0.39296875 0.6796875 0.0234375 0.14765625
3 0.41484375 0.6453125 0.02265625 0.02890625
3 0.4203125 0.61796875 0.0203125 0.025
3 0.390625 0.615625 0.01640625 0.0203125
3 0.340625 0.55703125 0.01640625 0.0203125
3 0.37421875 0.615625 0.01875 0.0265625
13 0.4015625 0.83828125 0.021875 0.021875
13 0.375 0.80859375 0.01875 0.0171875
11 0.34375 0.63984375 0.0203125 0.12421875
13 0.34453125 0.71484375 0.015625 0.03125