12 0.20078125 0.759375 0.03984375 0.1875
12 0.23359375 0.66171875 0.021875 0.1703125
12 0.29609375 0.81640625 0.05625 0.25546875
11 0.2328125 0.6609375 0.0234375 0.11171875
11 0.30390625 0.8296875 0.0453125 0.19921875
12 0.3953125 0.8109375 0.03984375 0.23515625
11 0.3984375 0.815625 0.03515625 0.17734375
12 0.378125 0.76953125 0.02578125 0.22578125
3 0.3890625 0.709375 0.0234375 0.02578125
3 0.38671875 0.675 0.021875 0.02734375
3 0.23203125 0.58203125 0.01796875 0.021875
3 0.3046875 0.6890625 0.02265625 0.0234375
13 0.38125 0.91484375 0.021875 0.0203125
13 0.3921875 0.91953125 0.01640625 0.01484375
13 0.2359375 0.7328125 0.0125 0.02421875
3 0.296875 0.70546875 0.01953125 0.02578125
13 0.29765625 0.92734375 0.0109375 0.02734375
13 0.3125 0.93359375 0.0203125 0.02265625
3 0.19453125 0.67578125 0.01875 0.02734375
11 0.1984375 0.74609375 0.034375 0.1015625
13 0.2140625 0.80703125 0.0140625 0.034375
13 0.18984375 0.82890625 0.0125 0.04765625