12 0.321875 0.9296875 0.09140625 0.140625
12 0.30078125 0.77734375 0.05078125 0.2359375
11 0.29765625 0.78984375 0.05390625 0.17578125
12 0.37890625 0.690625 0.03046875 0.08125
12 0.32578125 0.690625 0.03125 0.1890625
12 0.27421875 0.6578125 0.03125 0.10078125
12 0.3734375 0.80078125 0.04609375 0.23359375
3 0.36953125 0.7015625 0.0234375 0.0265625
3 0.375 0.66640625 0.02109375 0.02734375
3 0.32265625 0.603125 0.0171875 0.02109375
3 0.2765625 0.61875 0.01796875 0.021875
11 0.2734375 0.6734375 0.028125 0.071875
11 0.32734375 0.69375 0.0296875 0.1234375
3 0.28984375 0.67421875 0.01953125 0.02890625
13 0.29609375 0.8828125 0.0125 0.0265625
13 0.35859375 0.89765625 0.01953125 0.021875
11 0.375 0.81015625 0.0421875 0.17578125
13 0.378125 0.91015625 0.01640625 0.01875
9 0.3234375 0.9546875 0.09140625 0.090625
6 0.2921875 0.99296875 0.01171875 0.01328125
7 0.309375 0.8734375 0.02265625 0.025