12 0.503125 0.934375 0.04609375 0.13125
12 0.27578125 0.6296875 0.021875 0.17109375
12 0.33515625 0.75234375 0.04375 0.2328125
11 0.27890625 0.62734375 0.0234375 0.11328125
12 0.36328125 0.74609375 0.0421875 0.2078125
11 0.33359375 0.76484375 0.04296875 0.17265625
12 0.4375 0.7765625 0.03984375 0.23828125
11 0.44140625 0.78828125 0.0296875 0.1796875
11 0.36015625 0.75078125 0.03671875 0.14296875
12 0.421875 0.73828125 0.0265625 0.22890625
3 0.43984375 0.66796875 0.0234375 0.0265625
3 0.434375 0.64140625 0.021875 0.028125
3 0.35546875 0.65234375 0.01953125 0.025
3 0.278125 0.5484375 0.01875 0.02265625
3 0.32265625 0.64765625 0.0203125 0.0296875
13 0.425 0.8859375 0.021875 0.02109375
13 0.3515625 0.8515625 0.01953125 0.02265625
13 0.37734375 0.83359375 0.01640625 0.03671875
13 0.3296875 0.85859375 0.02421875 0.01796875
13 0.44296875 0.884375 0.01640625 0.015625
13 0.28125 0.696875 0.0125 0.02421875
7 0.4984375 0.88046875 0.0328125 0.03125
9 0.5046875 0.95859375 0.040625 0.08203125