12 0.728125 0.675 0.04453125 0.16796875
12 0.6890625 0.6125 0.0203125 0.16328125
12 0.6234375 0.76171875 0.0421875 0.2453125
11 0.6890625 0.6125 0.02265625 0.1078125
11 0.62109375 0.77421875 0.04296875 0.19140625
12 0.5375 0.753125 0.0375 0.22578125
11 0.53359375 0.7609375 0.028125 0.1703125
12 0.553125 0.71640625 0.025 0.2171875
3 0.53984375 0.65859375 0.02265625 0.025
3 0.5421875 0.62578125 0.02109375 0.0265625
3 0.68984375 0.53671875 0.0171875 0.02109375
3 0.62421875 0.640625 0.015625 0.02265625
13 0.54765625 0.85546875 0.02109375 0.01953125
13 0.5328125 0.85546875 0.015625 0.01484375
13 0.68671875 0.68125 0.01171875 0.0234375
3 0.6171875 0.65703125 0.01875 0.025
13 0.628125 0.87265625 0.01015625 0.02578125
13 0.61015625 0.878125 0.01953125 0.021875
3 0.7359375 0.60703125 0.01796875 0.0265625
11 0.7359375 0.67109375 0.03359375 0.10078125
13 0.71484375 0.74296875 0.01640625 0.03984375
13 0.74296875 0.73984375 0.0109375 0.0328125