12 0.26171875 0.6625 0.04140625 0.1578125
12 0.29921875 0.60390625 0.01953125 0.15390625
12 0.36171875 0.74453125 0.03984375 0.23046875
11 0.29921875 0.60390625 0.02109375 0.1015625
11 0.36328125 0.75625 0.040625 0.18046875
12 0.4421875 0.7359375 0.0359375 0.2125
11 0.44609375 0.74375 0.0265625 0.16015625
12 0.42734375 0.7015625 0.0234375 0.20390625
3 0.440625 0.646875 0.02109375 0.0234375
3 0.43828125 0.61640625 0.01953125 0.025
3 0.2984375 0.5328125 0.01640625 0.01953125
3 0.36015625 0.6296875 0.01484375 0.02109375
13 0.4328125 0.8328125 0.01953125 0.01875
13 0.44609375 0.83203125 0.01484375 0.0140625
13 0.3015625 0.66875 0.0109375 0.021875
3 0.3671875 0.64609375 0.01796875 0.0234375
13 0.35625 0.84921875 0.009375 0.02421875
13 0.3734375 0.85390625 0.01796875 0.0203125
3 0.25546875 0.5984375 0.0171875 0.025
11 0.25546875 0.65859375 0.03125 0.09453125
13 0.275 0.7265625 0.015625 0.0375
13 0.2484375 0.72421875 0.01015625 0.03046875