12 0.628125 0.71328125 0.02578125 0.21796875
12 0.5921875 0.7421875 0.03828125 0.2078125
11 0.5875 0.75 0.03046875 0.17265625
11 0.628125 0.7234375 0.02578125 0.16484375
12 0.578125 0.6515625 0.0265625 0.0890625
12 0.66875 0.65625 0.0421875 0.18046875
3 0.5875 0.6484375 0.021875 0.02421875
3 0.58125 0.61953125 0.0203125 0.025
3 0.67265625 0.575 0.01640625 0.0203125
3 0.66171875 0.559375 0.01640625 0.0203125
11 0.6703125 0.65625 0.03671875 0.1203125
3 0.63046875 0.61484375 0.01875 0.0265625
13 0.60078125 0.8375 0.021875 0.021875
13 0.62265625 0.8140625 0.01875 0.0171875