12 0.34609375 0.64140625 0.02890625 0.1796875
12 0.378125 0.70859375 0.0359375 0.2046875
12 0.4140625 0.7390625 0.04609375 0.215625
11 0.41875 0.746875 0.03828125 0.17109375
11 0.37734375 0.72265625 0.0328125 0.1546875
12 0.41875 0.6234375 0.025 0.03515625
12 0.39375 0.6828125 0.0234375 0.15
3 0.4171875 0.64375 0.02265625 0.02890625
3 0.4203125 0.6203125 0.01953125 0.025
3 0.39375 0.61796875 0.015625 0.01953125
3 0.33984375 0.54765625 0.01640625 0.01953125
3 0.37109375 0.6171875 0.01875 0.0265625
13 0.4 0.8359375 0.021875 0.021875
13 0.37421875 0.80390625 0.01875 0.0171875
11 0.340625 0.63125 0.034375 0.12421875
13 0.33984375 0.7109375 0.0125 0.0359375
13 0.41796875 0.83359375 0.015625 0.01484375