12 0.65 0.6109375 0.02109375 0.1640625
12 0.628125 0.728125 0.04140625 0.2234375
11 0.64921875 0.6140625 0.01796875 0.11015625
12 0.5984375 0.72578125 0.04453125 0.20859375
11 0.62890625 0.740625 0.040625 0.165625
12 0.54765625 0.7515625 0.0390625 0.228125
11 0.55546875 0.76328125 0.04140625 0.184375
11 0.60390625 0.72734375 0.03515625 0.13671875
12 0.528125 0.72421875 0.03203125 0.2328125
3 0.54921875 0.653125 0.02265625 0.025
3 0.53671875 0.62265625 0.02109375 0.0265625
3 0.60859375 0.63359375 0.01875 0.02421875
3 0.6515625 0.5359375 0.01796875 0.02109375
3 0.63515625 0.628125 0.01953125 0.02890625
13 0.55703125 0.8578125 0.0203125 0.0171875
13 0.61171875 0.82421875 0.01875 0.02109375
13 0.5359375 0.86171875 0.01640625 0.01640625
13 0.58515625 0.81328125 0.01875 0.01640625
11 0.53125 0.73125 0.0328125 0.16796875
13 0.634375 0.83203125 0.0171875 0.0171875
13 0.52109375 0.83125 0.0171875 0.02421875