12 0.32890625 0.621875 0.01953125 0.15234375
12 0.36953125 0.7140625 0.0328125 0.2234375
12 0.40078125 0.7453125 0.040625 0.21796875
11 0.40625 0.753125 0.03203125 0.18125
11 0.3671875 0.728125 0.03515625 0.1671875
12 0.415625 0.65078125 0.028125 0.09375
12 0.3453125 0.6578125 0.02890625 0.18203125
3 0.40546875 0.65 0.02421875 0.03046875
3 0.4125 0.61640625 0.02109375 0.0265625
3 0.353125 0.57890625 0.0171875 0.02109375
3 0.328125 0.553125 0.0171875 0.02109375
11 0.34296875 0.65625 0.01953125 0.12578125
3 0.3640625 0.61171875 0.01953125 0.028125
13 0.39140625 0.8453125 0.02265625 0.0234375
13 0.3640625 0.81484375 0.01953125 0.01796875
11 0.33125 0.63203125 0.01796875 0.1078125