12 0.9 0.875 0.0625 0.25
9 0.90234375 0.884375 0.0359375 0.196875
12 0.871875 0.96171875 0.05234375 0.0765625
12 0.73046875 0.61953125 0.02109375 0.16640625
12 0.66328125 0.77109375 0.04296875 0.24921875
11 0.73046875 0.61953125 0.02265625 0.109375
11 0.66171875 0.78359375 0.04375 0.19453125
12 0.5765625 0.76171875 0.03828125 0.2296875
11 0.57265625 0.7703125 0.028125 0.1734375
12 0.5921875 0.725 0.025 0.22109375
3 0.57421875 0.65703125 0.02265625 0.025
3 0.58046875 0.6328125 0.02109375 0.02734375
3 0.73203125 0.5421875 0.01796875 0.021875
3 0.6640625 0.64609375 0.015625 0.0234375
13 0.58671875 0.86640625 0.02109375 0.0203125
13 0.571875 0.86640625 0.015625 0.01484375
13 0.728125 0.6890625 0.01171875 0.0234375
7 0.91484375 0.76171875 0.021875 0.0328125
7 0.88203125 0.93515625 0.0265625 0.03203125
3 0.65703125 0.66484375 0.01953125 0.025
10 0.90625 0.9859375 0.025 0.028125
9 0.86875 0.9859375 0.0375 0.028125
13 0.66875 0.884375 0.01015625 0.0265625
13 0.65078125 0.8890625 0.01953125 0.021875