12 0.65234375 0.6234375 0.03515625 0.13984375
12 0.72890625 0.7703125 0.046875 0.2453125
12 0.87109375 0.91484375 0.0515625 0.1703125
9 0.86875 0.9375 0.04765625 0.125
11 0.7328125 0.78359375 0.0375 0.18046875
12 0.70078125 0.7328125 0.04375 0.2078125
11 0.696875 0.73203125 0.0375 0.1359375
12 0.5671875 0.7484375 0.028125 0.215625
11 0.56640625 0.74375 0.025 0.15390625
3 0.56875 0.646875 0.02109375 0.0234375
3 0.56640625 0.6203125 0.0203125 0.025
3 0.7296875 0.665625 0.02265625 0.0265625
13 0.57421875 0.84296875 0.021875 0.02421875
3 0.6890625 0.64453125 0.021875 0.0234375
13 0.74375 0.88125 0.02109375 0.01953125
13 0.6890625 0.81875 0.01484375 0.03828125
3 0.6515625 0.56484375 0.01640625 0.0203125
7 0.8765625 0.83828125 0.02265625 0.02890625
9 0.6515625 0.6234375 0.02578125 0.0984375
13 0.7140625 0.81328125 0.01953125 0.03828125
13 0.71328125 0.88203125 0.02578125 0.02109375