12 0.29453125 0.57421875 0.02109375 0.16640625
12 0.40078125 0.73203125 0.04296875 0.24609375
11 0.296875 0.58359375 0.0203125 0.1078125
11 0.40078125 0.73984375 0.04140625 0.17890625
12 0.47578125 0.72265625 0.03046875 0.2296875
11 0.47578125 0.72734375 0.02734375 0.1734375
12 0.4609375 0.68203125 0.0265625 0.22109375
3 0.47109375 0.62265625 0.02265625 0.025
3 0.46875 0.58984375 0.02109375 0.02734375
3 0.29140625 0.50078125 0.01796875 0.021875
3 0.4046875 0.61953125 0.0203125 0.028125
13 0.475 0.82734375 0.02109375 0.0203125
3 0.3859375 0.61015625 0.01953125 0.025
13 0.3875 0.8390625 0.01015625 0.0265625
13 0.40859375 0.84140625 0.025 0.0203125
13 0.29609375 0.6421875 0.0171875 0.0265625