12 0.5 0.90859375 0.040625 0.1828125
12 0.296875 0.6046875 0.01953125 0.15234375
12 0.35 0.7140625 0.0390625 0.2078125
11 0.3 0.603125 0.02109375 0.1015625
12 0.37578125 0.709375 0.0375 0.18515625
11 0.34921875 0.725 0.03828125 0.15390625
12 0.4421875 0.7359375 0.0359375 0.2125
11 0.4453125 0.74609375 0.0265625 0.16015625
11 0.37265625 0.71328125 0.0328125 0.12734375
12 0.42734375 0.7015625 0.0234375 0.20390625
3 0.44453125 0.6390625 0.02109375 0.0234375
3 0.4390625 0.615625 0.01953125 0.025
3 0.36875 0.62578125 0.0171875 0.02265625
3 0.29921875 0.5328125 0.01640625 0.01953125
3 0.3390625 0.62109375 0.01875 0.0265625
13 0.43046875 0.83359375 0.01953125 0.01875
13 0.36484375 0.803125 0.0171875 0.0203125
13 0.38828125 0.78671875 0.0140625 0.0328125
13 0.3453125 0.80859375 0.02109375 0.015625
13 0.44609375 0.83203125 0.01484375 0.0140625
13 0.30234375 0.66484375 0.0109375 0.021875
7 0.49609375 0.82890625 0.02890625 0.028125
9 0.50234375 0.93046875 0.03671875 0.1328125