12 0.3515625 0.73671875 0.03828125 0.20625
11 0.3296875 0.75625 0.03984375 0.16875
12 0.3140625 0.584375 0.025 0.08515625
12 0.32734375 0.7421875 0.04140625 0.221875
12 0.39296875 0.76875 0.04921875 0.2296875
11 0.39453125 0.7765625 0.040625 0.1828125
11 0.35234375 0.74921875 0.0484375 0.159375
12 0.403125 0.6734375 0.03203125 0.09765625
3 0.39453125 0.66796875 0.02421875 0.03046875
3 0.4015625 0.640625 0.02109375 0.0265625
3 0.34609375 0.6453125 0.01875 0.02421875
3 0.309375 0.54921875 0.01796875 0.02109375
3 0.3203125 0.64375 0.01953125 0.028125
13 0.38046875 0.871875 0.0234375 0.0234375
13 0.34375 0.8375 0.01796875 0.02109375
11 0.31328125 0.6015625 0.01875 0.06171875
13 0.39921875 0.86953125 0.01640625 0.01640625
13 0.36953125 0.8265625 0.01796875 0.01640625