12 0.32734375 0.78984375 0.040625 0.24296875
11 0.33203125 0.803125 0.04921875 0.175
12 0.396875 0.775 0.0234375 0.22734375
12 0.36953125 0.7109375 0.03125 0.190625
12 0.33125 0.6640625 0.03046875 0.11328125
12 0.3078125 0.72265625 0.040625 0.1921875
12 0.2421875 0.6484375 0.025 0.15390625
12 0.41640625 0.8125 0.03359375 0.24296875
3 0.415625 0.703125 0.02421875 0.0265625
3 0.39921875 0.67578125 0.021875 0.02734375
3 0.3703125 0.62578125 0.0203125 0.021875
3 0.3265625 0.6140625 0.01796875 0.021875
3 0.32109375 0.6390625 0.01796875 0.02734375
3 0.234375 0.58125 0.01171875 0.01953125
11 0.24375 0.64765625 0.01953125 0.09453125
11 0.30234375 0.72578125 0.03125 0.1546875
11 0.33203125 0.6765625 0.025 0.07734375
11 0.41953125 0.8203125 0.02421875 0.18359375
3 0.32109375 0.68359375 0.0203125 0.0296875
13 0.3296875 0.90078125 0.0125 0.02734375
13 0.40859375 0.9234375 0.0203125 0.021875
13 0.2515625 0.7125 0.01328125 0.03125
9 0.36875 0.71171875 0.03203125 0.13515625
11 0.396875 0.7828125 0.021875 0.1671875
13 0.39921875 0.88046875 0.01640625 0.01875