13 0.35859375 0.82578125 0.0171875 0.03359375
12 0.3171875 0.746875 0.04140625 0.221875
11 0.31328125 0.60390625 0.02421875 0.06328125
12 0.3515625 0.740625 0.03828125 0.20625
11 0.31640625 0.7578125 0.040625 0.1640625
12 0.309375 0.590625 0.01796875 0.08828125
12 0.3828125 0.7734375 0.04921875 0.2296875
11 0.384375 0.78125 0.040625 0.1828125
11 0.3515625 0.73671875 0.03515625 0.1359375
12 0.4015625 0.74375 0.04921875 0.240625
3 0.3890625 0.67265625 0.02421875 0.03046875
3 0.403125 0.6375 0.02109375 0.0265625
3 0.3546875 0.64765625 0.01875 0.02421875
3 0.31171875 0.55390625 0.01796875 0.02109375
3 0.30703125 0.646875 0.01953125 0.028125
13 0.37109375 0.8765625 0.0234375 0.0234375
13 0.33359375 0.84140625 0.01796875 0.02109375
13 0.3890625 0.8734375 0.01640625 0.01640625
11 0.409375 0.740625 0.0265625 0.16953125
13 0.3109375 0.84921875 0.0171875 0.0171875
13 0.41875 0.84609375 0.01015625 0.03046875