12 0.2625 0.61328125 0.025 0.1546875
12 0.1734375 0.72265625 0.0390625 0.1984375
12 0.203125 0.7390625 0.05859375 0.19375
12 0.35546875 0.753125 0.03203125 0.23046875
11 0.3578125 0.76171875 0.02734375 0.1703125
12 0.30390625 0.73046875 0.0484375 0.203125
11 0.26328125 0.615625 0.0234375 0.1046875
12 0.43671875 0.74296875 0.028125 0.2125
11 0.43828125 0.73828125 0.02421875 0.15234375
3 0.4359375 0.64296875 0.02109375 0.0234375
3 0.43828125 0.61640625 0.01953125 0.025
3 0.259375 0.54375 0.01484375 0.01875
3 0.35 0.6484375 0.02265625 0.02578125
13 0.43046875 0.83671875 0.021875 0.02421875
3 0.31328125 0.640625 0.02109375 0.02265625
13 0.3328125 0.80546875 0.01640625 0.0328125
13 0.290625 0.80703125 0.0203125 0.0375
3 0.16796875 0.63671875 0.01640625 0.02421875
11 0.21015625 0.73828125 0.03515625 0.115625
13 0.22421875 0.81328125 0.01640625 0.04453125
3 0.2 0.65390625 0.01640625 0.02421875
13 0.16484375 0.80078125 0.0234375 0.04375
13 0.3609375 0.85546875 0.01953125 0.02265625
11 0.1796875 0.72265625 0.02734375 0.11953125
13 0.1875 0.809375 0.025 0.046875
11 0.309375 0.72734375 0.03359375 0.1359375
13 0.31640625 0.8125 0.0140625 0.0375