12 0.35390625 0.7265625 0.028125 0.22109375
12 0.37890625 0.75625 0.04375 0.22109375
11 0.38046875 0.76640625 0.04140625 0.1703125
11 0.35234375 0.728125 0.028125 0.153125
12 0.39765625 0.72421875 0.03125 0.22265625
12 0.33515625 0.66640625 0.0234375 0.1890625
3 0.38125 0.65859375 0.02265625 0.02578125
3 0.3984375 0.6296875 0.0203125 0.02578125
3 0.33125 0.56796875 0.01640625 0.0203125
3 0.33671875 0.58359375 0.0171875 0.02109375
11 0.33828125 0.66640625 0.01796875 0.1234375
3 0.35546875 0.62421875 0.01953125 0.02734375
13 0.36953125 0.8390625 0.0203125 0.0390625
13 0.38359375 0.85625 0.015625 0.01796875
13 0.353125 0.82734375 0.01640625 0.01796875
11 0.40234375 0.73046875 0.025 0.17421875