12 0.7109375 0.76640625 0.05546875 0.24375
12 0.86328125 0.88203125 0.05234375 0.2359375
9 0.86171875 0.88671875 0.04453125 0.16015625
11 0.70859375 0.78203125 0.040625 0.18203125
12 0.6828125 0.7328125 0.0234375 0.21171875
12 0.7375 0.6171875 0.02109375 0.15625
11 0.68828125 0.734375 0.03203125 0.1328125
11 0.7375 0.61875 0.01796875 0.10546875
12 0.56015625 0.746875 0.028125 0.2140625
11 0.55859375 0.7421875 0.02421875 0.15390625
3 0.5609375 0.64609375 0.02109375 0.0234375
3 0.55859375 0.61953125 0.0203125 0.025
3 0.74140625 0.54609375 0.01484375 0.01875
3 0.7203125 0.659375 0.02265625 0.0265625
13 0.5671875 0.84140625 0.021875 0.02421875
3 0.68515625 0.6421875 0.021875 0.0234375
13 0.7296875 0.86796875 0.01796875 0.025
3 0.95546875 0.65546875 0.01640625 0.025
3 0.959375 0.67109375 0.0125 0.0171875
13 0.696875 0.87265625 0.02109375 0.03125
13 0.68125 0.8171875 0.0140625 0.03828125
3 0.72265625 0.5453125 0.01640625 0.0203125
7 0.86640625 0.77578125 0.01640625 0.0265625