12 0.6546875 0.7265625 0.03984375 0.2109375
11 0.66484375 0.590625 0.01953125 0.06015625
12 0.62734375 0.72109375 0.03671875 0.19609375
11 0.65625 0.7375 0.0390625 0.15625
12 0.66640625 0.578125 0.0171875 0.08359375
12 0.5921875 0.75234375 0.046875 0.21953125
11 0.59140625 0.759375 0.0390625 0.17421875
11 0.6234375 0.73046875 0.0375 0.146875
12 0.5828125 0.6609375 0.03046875 0.09296875
3 0.58671875 0.65625 0.0234375 0.02890625
3 0.584375 0.6296875 0.0203125 0.025
3 0.61953125 0.63203125 0.01796875 0.02265625
3 0.66640625 0.54296875 0.0171875 0.0203125
3 0.66484375 0.634375 0.01875 0.02734375
13 0.60390625 0.85 0.021875 0.021875
13 0.6390625 0.8171875 0.0171875 0.0203125
13 0.5859375 0.84765625 0.015625 0.015625
13 0.6140625 0.80703125 0.0171875 0.015625