12 0.72109375 0.63515625 0.03359375 0.128125
12 0.7046875 0.77109375 0.04296875 0.23046875
11 0.72109375 0.6359375 0.0328125 0.06875
12 0.675 0.76796875 0.04453125 0.21484375
11 0.70625 0.7828125 0.0421875 0.17109375
12 0.63671875 0.796875 0.05078125 0.23984375
11 0.6296875 0.80625 0.04296875 0.190625
11 0.6796875 0.76953125 0.0359375 0.14140625
12 0.61015625 0.76796875 0.05078125 0.25078125
3 0.63203125 0.69296875 0.025 0.03203125
3 0.6109375 0.66171875 0.021875 0.028125
3 0.68203125 0.67265625 0.01953125 0.025
3 0.7234375 0.58125 0.01875 0.021875
3 0.7125 0.6671875 0.0203125 0.0296875
13 0.64921875 0.90625 0.02421875 0.02421875
13 0.68828125 0.86953125 0.01875 0.021875
13 0.6296875 0.903125 0.0171875 0.01640625
13 0.6609375 0.85859375 0.01875 0.0171875
11 0.6046875 0.7734375 0.034375 0.1734375
13 0.71171875 0.87734375 0.01796875 0.0171875
13 0.5953125 0.87421875 0.01875 0.03359375