12 0.65546875 0.64765625 0.03046875 0.18671875
12 0.621875 0.71640625 0.0375 0.2125
12 0.584375 0.7484375 0.04765625 0.22421875
11 0.5796875 0.75625 0.03984375 0.178125
11 0.62265625 0.73125 0.03359375 0.16015625
12 0.5796875 0.628125 0.02578125 0.03671875
12 0.60546875 0.68984375 0.02421875 0.15625
3 0.58125 0.64921875 0.0234375 0.0296875
3 0.57734375 0.625 0.0203125 0.02578125
3 0.60546875 0.62265625 0.01640625 0.0203125
3 0.659375 0.56015625 0.0171875 0.0203125
3 0.62890625 0.621875 0.01953125 0.02734375
13 0.5984375 0.84921875 0.02265625 0.02265625
13 0.62578125 0.81640625 0.01953125 0.01796875
11 0.65859375 0.6421875 0.03359375 0.11953125
13 0.6609375 0.71953125 0.01328125 0.0375