12 0.346875 0.91875 0.09140625 0.1625
12 0.32578125 0.75625 0.05078125 0.234375
11 0.32265625 0.76796875 0.05390625 0.175
12 0.40390625 0.66953125 0.03046875 0.08125
12 0.35078125 0.66953125 0.03125 0.1875
12 0.29921875 0.63671875 0.03125 0.1
12 0.39765625 0.77890625 0.04609375 0.2328125
3 0.39453125 0.68046875 0.0234375 0.0265625
3 0.4 0.6453125 0.02109375 0.0265625
3 0.34765625 0.58203125 0.0171875 0.02109375
3 0.3015625 0.59765625 0.01796875 0.02109375
11 0.2984375 0.653125 0.028125 0.071875
11 0.35234375 0.67265625 0.0296875 0.12265625
3 0.31484375 0.653125 0.01953125 0.02890625
13 0.32109375 0.8609375 0.01171875 0.0265625
13 0.38359375 0.87578125 0.01953125 0.021875
11 0.4 0.78828125 0.0421875 0.175
13 0.403125 0.8875 0.01640625 0.01796875
9 0.3484375 0.94375 0.09140625 0.1125
6 0.31796875 0.975 0.0109375 0.01953125
7 0.334375 0.8515625 0.02265625 0.025