12 0.3734375 0.71171875 0.02578125 0.215625
12 0.409375 0.73984375 0.03828125 0.20625
11 0.4140625 0.74765625 0.03046875 0.17109375
11 0.378125 0.7234375 0.03359375 0.1578125
12 0.4234375 0.65078125 0.0265625 0.08828125
12 0.33515625 0.6515625 0.0359375 0.17734375
3 0.41484375 0.64140625 0.021875 0.02421875
3 0.4203125 0.61796875 0.01953125 0.025
3 0.3421875 0.5765625 0.015625 0.01953125
3 0.340625 0.55859375 0.01640625 0.01953125
11 0.334375 0.65546875 0.0359375 0.11953125
3 0.37421875 0.6140625 0.01875 0.0265625
13 0.40078125 0.83515625 0.021875 0.021875
13 0.375 0.80625 0.01875 0.0171875