12 0.371875 0.72265625 0.04140625 0.21875
12 0.403125 0.75078125 0.04296875 0.21640625
11 0.4046875 0.76015625 0.03984375 0.16640625
12 0.2546875 0.67265625 0.03046875 0.18203125
9 0.25625 0.67578125 0.02734375 0.13828125
11 0.375 0.72734375 0.03046875 0.14921875
12 0.41875 0.65625 0.0328125 0.08125
12 0.36171875 0.6625 0.0203125 0.184375
3 0.40234375 0.65703125 0.02265625 0.025
3 0.41640625 0.62734375 0.0203125 0.02578125
3 0.35390625 0.5640625 0.01640625 0.0203125
3 0.36015625 0.58203125 0.0171875 0.0203125
11 0.3640625 0.66328125 0.01796875 0.1203125
3 0.3859375 0.625 0.01875 0.02734375
13 0.3890625 0.8359375 0.01953125 0.0390625
13 0.4078125 0.8484375 0.015625 0.0171875
7 0.246875 0.59375 0.0109375 0.021875
13 0.37578125 0.82265625 0.01640625 0.01796875
13 0.359375 0.81328125 0.01328125 0.03203125