12 0.6671875 0.60625 0.021875 0.17109375
12 0.65078125 0.7171875 0.040625 0.21640625
12 0.58828125 0.74296875 0.04765625 0.225
11 0.5875 0.75078125 0.03984375 0.17890625
11 0.62734375 0.72578125 0.034375 0.1609375
12 0.5828125 0.6234375 0.02734375 0.04296875
12 0.6234375 0.71171875 0.0375 0.2015625
3 0.58671875 0.64296875 0.0234375 0.0296875
3 0.58359375 0.61796875 0.0203125 0.02578125
3 0.63125 0.621875 0.01796875 0.0234375
3 0.66875 0.52890625 0.0171875 0.02109375
3 0.659375 0.61796875 0.01953125 0.02734375
13 0.603125 0.84375 0.02265625 0.02265625
13 0.6375 0.81171875 0.01796875 0.02109375
11 0.6671875 0.5984375 0.0171875 0.09921875
13 0.66484375 0.67734375 0.01328125 0.02578125
13 0.58515625 0.84140625 0.01640625 0.015625
13 0.65078125 0.67265625 0.00859375 0.02109375
13 0.6140625 0.79921875 0.01796875 0.01640625
11 0.653125 0.73203125 0.0390625 0.16484375