12 0.7625 0.6625 0.02734375 0.16953125
12 0.859375 0.78203125 0.04296875 0.2171875
12 0.8265625 0.8 0.0640625 0.2109375
12 0.6609375 0.81484375 0.03515625 0.2515625
11 0.65859375 0.82421875 0.03046875 0.18515625
12 0.7171875 0.78984375 0.053125 0.221875
11 0.76171875 0.66484375 0.02578125 0.1140625
12 0.571875 0.80390625 0.03046875 0.23203125
11 0.5703125 0.79921875 0.0265625 0.16640625
3 0.57265625 0.69453125 0.0234375 0.02578125
3 0.5703125 0.665625 0.021875 0.02734375
3 0.765625 0.58671875 0.015625 0.0203125
3 0.66640625 0.70078125 0.02421875 0.02890625
13 0.57890625 0.90625 0.02421875 0.0265625
3 0.70625 0.6921875 0.0234375 0.025
13 0.6859375 0.871875 0.01796875 0.0359375
13 0.73125 0.87421875 0.02265625 0.04140625
3 0.865625 0.6875 0.01796875 0.0265625
11 0.81953125 0.79921875 0.03828125 0.12578125
13 0.80390625 0.88046875 0.01796875 0.0484375
3 0.8296875 0.70703125 0.01796875 0.0265625
13 0.86875 0.8671875 0.025 0.04765625
13 0.6546875 0.9265625 0.02109375 0.025
11 0.853125 0.78203125 0.0296875 0.13046875
13 0.84375 0.8765625 0.02734375 0.05078125
11 0.7109375 0.7875 0.03671875 0.1484375
13 0.703125 0.8796875 0.015625 0.04140625