12 0.38515625 0.7421875 0.028125 0.2234375
12 0.41953125 0.77109375 0.03203125 0.22421875
11 0.41875 0.77890625 0.03203125 0.1703125
11 0.384375 0.74296875 0.02890625 0.1546875
12 0.4296875 0.7390625 0.03203125 0.22421875
12 0.3640625 0.68046875 0.028125 0.190625
3 0.41328125 0.6734375 0.02265625 0.02578125
3 0.42890625 0.64140625 0.02109375 0.0265625
3 0.3625 0.58203125 0.01640625 0.02109375
3 0.36796875 0.59765625 0.0171875 0.02109375
11 0.3703125 0.68125 0.01796875 0.12421875
3 0.38671875 0.63828125 0.01953125 0.028125
13 0.41328125 0.87890625 0.01484375 0.02421875
13 0.415625 0.87265625 0.015625 0.01796875
13 0.384375 0.84375 0.01640625 0.01796875
11 0.43125 0.74609375 0.025 0.17578125