12 0.74296875 0.6140625 0.028125 0.1625
12 0.871875 0.72578125 0.0296875 0.209375
12 0.8484375 0.7578125 0.0578125 0.20703125
12 0.66328125 0.759375 0.05625 0.24921875
11 0.66640625 0.7609375 0.04296875 0.178125
12 0.7046875 0.73125 0.04296875 0.20546875
11 0.74375 0.61484375 0.02421875 0.11015625
12 0.56171875 0.74921875 0.0296875 0.22421875
11 0.56015625 0.74453125 0.02578125 0.16015625
3 0.5625 0.64375 0.021875 0.025
3 0.56015625 0.61640625 0.02109375 0.0265625
3 0.74765625 0.53984375 0.01484375 0.01953125
3 0.67890625 0.646875 0.0234375 0.02734375
13 0.56875 0.84765625 0.02265625 0.02578125
3 0.690625 0.64140625 0.02265625 0.02421875
13 0.67109375 0.81484375 0.0171875 0.034375
13 0.71484375 0.8171875 0.021875 0.03984375
3 0.8796875 0.6375 0.0171875 0.02578125
11 0.8421875 0.746875 0.0328125 0.12421875
13 0.82890625 0.82578125 0.025 0.04296875
3 0.85234375 0.6671875 0.0171875 0.02578125
13 0.846875 0.81015625 0.02421875 0.04609375
13 0.6453125 0.859375 0.0234375 0.0375
11 0.86796875 0.72109375 0.01953125 0.12421875
13 0.86328125 0.834375 0.02734375 0.053125
11 0.69453125 0.7328125 0.03515625 0.14296875
13 0.6875 0.82265625 0.01484375 0.03984375
13 0.6828125 0.86328125 0.021875 0.03046875
12 0.9203125 0.87734375 0.04375 0.2453125
9 0.92109375 0.90078125 0.03984375 0.15078125