12 0.3765625 0.71484375 0.0265625 0.21171875
12 0.40078125 0.74375 0.0421875 0.21171875
11 0.40234375 0.753125 0.0390625 0.1625
11 0.37578125 0.71640625 0.02734375 0.146875
12 0.41875 0.7125 0.03046875 0.21328125
12 0.35859375 0.65703125 0.02265625 0.18125
3 0.403125 0.65 0.021875 0.02421875
3 0.41875 0.621875 0.01953125 0.025
3 0.35390625 0.56171875 0.015625 0.01953125
3 0.36015625 0.578125 0.01640625 0.01953125
11 0.36171875 0.6578125 0.0171875 0.11796875
3 0.378125 0.6171875 0.01875 0.0265625
13 0.38671875 0.8265625 0.01875 0.03828125
13 0.40546875 0.8390625 0.01484375 0.0171875
13 0.37421875 0.8140625 0.015625 0.0171875
11 0.42265625 0.71875 0.0234375 0.1671875