12 0.34296875 0.5890625 0.0203125 0.1609375
12 0.3640625 0.7046875 0.040625 0.21953125
11 0.34375 0.5921875 0.01796875 0.10859375
12 0.39296875 0.7015625 0.04375 0.20546875
11 0.36328125 0.71640625 0.03984375 0.1625
12 0.44375 0.72734375 0.03828125 0.22421875
11 0.43515625 0.73828125 0.040625 0.18125
11 0.38828125 0.703125 0.034375 0.134375
12 0.4625 0.7 0.03125 0.228125
3 0.4421875 0.63125 0.02265625 0.025
3 0.45390625 0.60078125 0.02109375 0.0265625
3 0.38359375 0.61171875 0.01875 0.0234375
3 0.340625 0.515625 0.0171875 0.02109375
3 0.35703125 0.60546875 0.01953125 0.028125
13 0.434375 0.83125 0.0203125 0.0171875
13 0.38046875 0.7984375 0.01796875 0.02109375
13 0.4546875 0.83515625 0.01640625 0.015625
13 0.40625 0.78828125 0.01796875 0.01640625
11 0.459375 0.70703125 0.0328125 0.16484375
13 0.3578125 0.80625 0.01640625 0.01640625
13 0.46953125 0.80546875 0.01640625 0.02421875