12 0.33359375 0.72890625 0.0484375 0.2171875
12 0.39609375 0.7484375 0.04375 0.2203125
11 0.39765625 0.7578125 0.03984375 0.165625
12 0.259375 0.7234375 0.05390625 0.21171875
9 0.2609375 0.73046875 0.046875 0.16875
11 0.32421875 0.73671875 0.05 0.16171875
12 0.40546875 0.653125 0.0328125 0.08125
12 0.3421875 0.6578125 0.02578125 0.18359375
3 0.39296875 0.65546875 0.021875 0.025
3 0.40078125 0.625 0.0203125 0.025
3 0.35078125 0.5625 0.01640625 0.0203125
3 0.34609375 0.575 0.0171875 0.0203125
11 0.3265625 0.62734375 0.03125 0.06015625
11 0.35078125 0.64765625 0.02421875 0.115625
3 0.3296875 0.6296875 0.01875 0.02734375
13 0.3828125 0.83125 0.01953125 0.0390625
13 0.4015625 0.8453125 0.01484375 0.0171875
7 0.25625 0.625 0.021875 0.0234375
13 0.3453125 0.82734375 0.01640625 0.0171875
13 0.32265625 0.8265625 0.01171875 0.02109375