12 0.63828125 0.69453125 0.03828125 0.20625
11 0.66171875 0.7140625 0.03984375 0.16875
12 0.675 0.5453125 0.02109375 0.09296875
12 0.6640625 0.7 0.04140625 0.221875
12 0.5984375 0.7265625 0.04921875 0.2296875
11 0.596875 0.734375 0.040625 0.1828125
11 0.63828125 0.7046875 0.0390625 0.1546875
12 0.58828125 0.63125 0.03203125 0.09765625
3 0.596875 0.62578125 0.02421875 0.03046875
3 0.58984375 0.59765625 0.02109375 0.0265625
3 0.6375 0.603125 0.01875 0.02421875
3 0.678125 0.50703125 0.01796875 0.02109375
3 0.67109375 0.6015625 0.01953125 0.028125
13 0.61015625 0.8296875 0.0234375 0.0234375
13 0.64765625 0.79453125 0.01796875 0.02109375
11 0.675 0.55859375 0.02109375 0.065625
13 0.5921875 0.8265625 0.01640625 0.01640625
13 0.62109375 0.784375 0.01796875 0.01640625