12 0.64765625 0.63515625 0.03671875 0.14609375
12 0.72734375 0.7890625 0.0484375 0.25625
12 0.87421875 0.92578125 0.0546875 0.1484375
9 0.8734375 0.94921875 0.05 0.1015625
11 0.73125 0.803125 0.0390625 0.18828125
12 0.69765625 0.75 0.0453125 0.2171875
11 0.69453125 0.74921875 0.0390625 0.1421875
12 0.559375 0.765625 0.0296875 0.225
11 0.5578125 0.7609375 0.02578125 0.1609375
3 0.56015625 0.66015625 0.02265625 0.025
3 0.5578125 0.63203125 0.02109375 0.0265625
3 0.728125 0.6796875 0.0234375 0.02734375
13 0.56640625 0.86484375 0.0234375 0.02578125
3 0.6859375 0.6578125 0.02265625 0.02421875
13 0.74296875 0.9046875 0.021875 0.0203125
13 0.6859375 0.8390625 0.01484375 0.03984375
3 0.646875 0.57421875 0.0171875 0.02109375
7 0.88125 0.86015625 0.0234375 0.0296875
9 0.646875 0.6359375 0.02734375 0.10234375
13 0.71171875 0.834375 0.0203125 0.03984375
13 0.7109375 0.90546875 0.02734375 0.021875