12 0.73046875 0.7109375 0.034375 0.18671875
12 0.63515625 0.73671875 0.03984375 0.228125
11 0.6328125 0.7484375 0.0328125 0.16875
12 0.7265625 0.596875 0.01875 0.14453125
12 0.67890625 0.7203125 0.0390625 0.2109375
11 0.725 0.5984375 0.0203125 0.0890625
11 0.671875 0.7234375 0.0234375 0.14375
12 0.56328125 0.7453125 0.028125 0.2140625
11 0.56328125 0.75390625 0.0234375 0.15390625
12 0.5609375 0.63984375 0.028125 0.07421875
3 0.56484375 0.64453125 0.02109375 0.0234375
3 0.5625 0.6171875 0.0203125 0.025
3 0.73046875 0.53671875 0.01640625 0.0203125
3 0.6296875 0.63359375 0.0203125 0.02109375
13 0.565625 0.8375 0.021875 0.02421875
3 0.67265625 0.62890625 0.021875 0.0234375
13 0.66875 0.8015625 0.01640625 0.0328125
13 0.6875 0.80703125 0.02109375 0.03984375
3 0.753125 0.6109375 0.01640625 0.025
11 0.73046875 0.70234375 0.03359375 0.1125
13 0.7171875 0.78046875 0.01015625 0.0421875
13 0.73125 0.7796875 0.01015625 0.0421875
3 0.740625 0.63046875 0.01640625 0.025
12 0.75390625 0.68671875 0.01328125 0.1765625
13 0.75078125 0.753125 0.01015625 0.0421875
13 0.64921875 0.8359375 0.01640625 0.0328125
13 0.625 0.8375 0.01875 0.0203125
11 0.75390625 0.6859375 0.0171875 0.09921875