12 0.6390625 0.72890625 0.0375 0.20078125
11 0.66171875 0.74765625 0.0390625 0.1640625
12 0.67578125 0.58359375 0.0203125 0.08984375
12 0.6640625 0.73359375 0.040625 0.215625
12 0.60078125 0.759375 0.04765625 0.22421875
11 0.59921875 0.7671875 0.03984375 0.178125
11 0.63984375 0.73828125 0.03828125 0.15078125
12 0.590625 0.66640625 0.03125 0.09453125
3 0.59921875 0.66171875 0.0234375 0.0296875
3 0.5921875 0.634375 0.0203125 0.02578125
3 0.6390625 0.63984375 0.01796875 0.0234375
3 0.678125 0.54609375 0.0171875 0.0203125
3 0.67109375 0.63828125 0.01953125 0.02734375
13 0.6125 0.86015625 0.02265625 0.02265625
13 0.6484375 0.8265625 0.01796875 0.02109375
11 0.675 0.59609375 0.0203125 0.0640625
13 0.59453125 0.85703125 0.01640625 0.015625
13 0.62265625 0.815625 0.01796875 0.015625