12 0.22578125 0.68984375 0.034375 0.18125
12 0.34765625 0.76328125 0.034375 0.23046875
11 0.3515625 0.7609375 0.028125 0.15078125
12 0.246875 0.62421875 0.02109375 0.16953125
12 0.32421875 0.7671875 0.04296875 0.2453125
11 0.2484375 0.63359375 0.02109375 0.11015625
11 0.32265625 0.77421875 0.03671875 0.18828125
12 0.43125 0.775 0.03125 0.234375
11 0.43046875 0.78203125 0.02734375 0.1765625
12 0.41640625 0.73359375 0.02734375 0.225
3 0.428125 0.6734375 0.0234375 0.02578125
3 0.42421875 0.63984375 0.021875 0.02734375
3 0.24375 0.5484375 0.01796875 0.021875
3 0.34140625 0.6609375 0.01640625 0.0234375
13 0.43046875 0.88125 0.021875 0.0203125
3 0.32421875 0.6609375 0.0234375 0.025
13 0.33515625 0.87578125 0.0171875 0.02734375
13 0.2484375 0.69375 0.0171875 0.0265625
13 0.3109375 0.87578125 0.01484375 0.02421875
3 0.225 0.61640625 0.01484375 0.0234375
11 0.2265625 0.68515625 0.034375 0.1015625
13 0.2296875 0.75859375 0.01015625 0.03984375