12 0.36953125 0.71640625 0.040625 0.2140625
12 0.40078125 0.74375 0.0421875 0.21171875
11 0.40234375 0.753125 0.0390625 0.1625
12 0.25546875 0.6671875 0.0296875 0.178125
9 0.25703125 0.6703125 0.02734375 0.1359375
11 0.37265625 0.72109375 0.0296875 0.14609375
12 0.415625 0.65078125 0.03203125 0.0796875
12 0.36015625 0.65703125 0.01953125 0.18125
3 0.4 0.6515625 0.021875 0.02421875
3 0.41328125 0.62265625 0.01953125 0.025
3 0.35234375 0.5609375 0.015625 0.01953125
3 0.35859375 0.578125 0.01640625 0.01953125
11 0.36171875 0.6578125 0.0171875 0.11796875
3 0.38359375 0.6203125 0.01875 0.0265625
13 0.38671875 0.8265625 0.01875 0.03828125
13 0.40546875 0.8390625 0.01484375 0.0171875
7 0.24765625 0.58984375 0.0109375 0.02109375
13 0.37421875 0.8140625 0.015625 0.0171875
13 0.3578125 0.8046875 0.01328125 0.03125