12 0.34375 0.64375 0.01953125 0.1828125
12 0.3796875 0.7109375 0.03046875 0.2109375
12 0.409375 0.73984375 0.03828125 0.20625
11 0.41484375 0.746875 0.03046875 0.17109375
11 0.3796875 0.7234375 0.0328125 0.1640625
12 0.42265625 0.65234375 0.0265625 0.08828125
12 0.36640625 0.64453125 0.02578125 0.14765625
3 0.4140625 0.65 0.02265625 0.02890625
3 0.41953125 0.61796875 0.01953125 0.025
3 0.37109375 0.58125 0.015625 0.01953125
3 0.340625 0.55859375 0.01640625 0.01953125
11 0.359375 0.653125 0.01171875 0.11328125
3 0.375 0.6140625 0.01875 0.0265625
13 0.4 0.8359375 0.021875 0.021875
13 0.37421875 0.80625 0.01875 0.0171875
11 0.3453125 0.6421875 0.01796875 0.12109375
13 0.34453125 0.7140625 0.01640625 0.02578125