12 0.3765625 0.71484375 0.0265625 0.21171875
12 0.4109375 0.74140625 0.03828125 0.20625
11 0.41484375 0.74765625 0.03046875 0.17109375
11 0.37265625 0.72421875 0.0203125 0.16171875
12 0.42265625 0.65 0.0265625 0.08828125
12 0.35703125 0.65703125 0.02734375 0.18125
3 0.41484375 0.646875 0.021875 0.02421875
3 0.41796875 0.6203125 0.01953125 0.025
3 0.34140625 0.56328125 0.015625 0.01953125
3 0.3453125 0.57421875 0.01640625 0.01953125
11 0.3453125 0.64921875 0.0296875 0.11953125
3 0.37265625 0.6171875 0.01875 0.0265625
13 0.403125 0.8453125 0.01484375 0.0234375
13 0.40546875 0.8390625 0.01484375 0.0171875
13 0.37578125 0.81171875 0.015625 0.0171875