12 0.43984375 0.64765625 0.02734375 0.084375
12 0.35703125 0.6375 0.03671875 0.1578125
12 0.31015625 0.76328125 0.03203125 0.24296875
11 0.30703125 0.77265625 0.025 0.18828125
12 0.3265625 0.72578125 0.02109375 0.20078125
11 0.32578125 0.7375 0.01640625 0.14765625
12 0.4296875 0.7453125 0.0359375 0.21171875
11 0.43125 0.75546875 0.0328125 0.15234375
3 0.42890625 0.64453125 0.02109375 0.0234375
3 0.43515625 0.61640625 0.01953125 0.025
3 0.31171875 0.65546875 0.02265625 0.02578125
13 0.43203125 0.83984375 0.021875 0.02421875
3 0.32734375 0.63515625 0.02109375 0.02265625
13 0.303125 0.8671875 0.0125 0.015625
13 0.328125 0.81640625 0.01875 0.01953125
3 0.3546875 0.5703125 0.01640625 0.0203125
9 0.3546875 0.63671875 0.034375 0.10390625
13 0.3171875 0.8734375 0.01953125 0.01640625