12 0.3765625 0.7171875 0.02578125 0.21953125
12 0.41328125 0.74609375 0.0390625 0.209375
11 0.41796875 0.75390625 0.03046875 0.17421875
11 0.38046875 0.7296875 0.03359375 0.1609375
12 0.42734375 0.65546875 0.0265625 0.08984375
12 0.3375 0.65625 0.03671875 0.18046875
3 0.41875 0.64609375 0.021875 0.025
3 0.4234375 0.62265625 0.0203125 0.025
3 0.34453125 0.5796875 0.01640625 0.0203125
3 0.34296875 0.56171875 0.0171875 0.0203125
11 0.33671875 0.6609375 0.03671875 0.12109375
3 0.37734375 0.61796875 0.01875 0.02734375
13 0.40390625 0.84296875 0.021875 0.021875
13 0.37734375 0.8140625 0.01875 0.0171875