12 0.64375 0.70078125 0.05234375 0.2375
12 0.57578125 0.72265625 0.04765625 0.240625
11 0.5734375 0.7328125 0.04375 0.18125
12 0.72578125 0.6953125 0.059375 0.23125
9 0.7234375 0.703125 0.05078125 0.18515625
11 0.65390625 0.709375 0.0546875 0.1765625
12 0.565625 0.61875 0.03515625 0.08828125
12 0.63515625 0.6234375 0.02890625 0.20078125
3 0.57890625 0.62109375 0.02421875 0.02734375
3 0.5703125 0.5875 0.021875 0.028125
3 0.625 0.51953125 0.01796875 0.021875
3 0.63046875 0.5328125 0.01875 0.021875
11 0.6515625 0.590625 0.034375 0.06640625
11 0.625 0.6125 0.02578125 0.1265625
3 0.6484375 0.5921875 0.0203125 0.0296875
13 0.590625 0.81328125 0.02109375 0.0421875
13 0.56953125 0.828125 0.01640625 0.01875
7 0.72890625 0.58828125 0.0234375 0.02578125
13 0.63125 0.80859375 0.0171875 0.01875
13 0.65625 0.8078125 0.0125 0.02265625