12 0.34140625 0.734375 0.04140625 0.228125
11 0.340625 0.7421875 0.04140625 0.1703125
12 0.409375 0.7171875 0.04296875 0.2234375
12 0.3640625 0.6484375 0.025 0.17265625
12 0.33125 0.58359375 0.0296875 0.065625
12 0.3125 0.653125 0.01875 0.18125
12 0.28125 0.584375 0.02421875 0.140625
12 0.4296875 0.7375 0.034375 0.2078125
3 0.4296875 0.64375 0.021875 0.02421875
3 0.41171875 0.6203125 0.01953125 0.025
3 0.3625 0.56953125 0.01953125 0.02421875
3 0.3265625 0.56015625 0.015625 0.01953125
3 0.3171875 0.5734375 0.01640625 0.025
3 0.28515625 0.51875 0.01171875 0.015625
11 0.28203125 0.57890625 0.02265625 0.08515625
11 0.3125 0.66484375 0.0171875 0.13515625
11 0.33125 0.64765625 0.0234375 0.13046875
11 0.4328125 0.7453125 0.02890625 0.1578125
3 0.35 0.6296875 0.01875 0.0265625
13 0.353125 0.834375 0.021875 0.01953125
13 0.43671875 0.83203125 0.01484375 0.02109375
13 0.33359375 0.83046875 0.01171875 0.01796875
13 0.27421875 0.63984375 0.0109375 0.03203125
9 0.36640625 0.6546875 0.0296875 0.1203125
13 0.3109375 0.73046875 0.0140625 0.0265625
13 0.28828125 0.6375 0.00703125 0.03125
11 0.40625 0.721875 0.0328125 0.1578125
13 0.39453125 0.81171875 0.01484375 0.03984375
13 0.4140625 0.8 0.01484375 0.0390625