12 0.63671875 0.70546875 0.03359375 0.23046875
12 0.60390625 0.73671875 0.0421875 0.225
11 0.5984375 0.7453125 0.0328125 0.18671875
11 0.63828125 0.71875 0.03671875 0.17265625
12 0.58828125 0.6390625 0.02890625 0.096875
12 0.678125 0.64609375 0.03671875 0.18828125
3 0.59921875 0.6390625 0.025 0.03125
3 0.5921875 0.60390625 0.021875 0.02734375
3 0.6703125 0.56015625 0.0171875 0.021875
3 0.6796875 0.5390625 0.01796875 0.021875
11 0.68125 0.64453125 0.03203125 0.13046875
3 0.6421875 0.59921875 0.0203125 0.02890625
13 0.61328125 0.840625 0.0234375 0.02421875
13 0.6421875 0.809375 0.0203125 0.01875