12 0.3328125 0.7234375 0.046875 0.21796875
11 0.3296875 0.734375 0.05 0.1625
12 0.40546875 0.64296875 0.028125 0.075
12 0.35625 0.64296875 0.02890625 0.17421875
12 0.3078125 0.6125 0.02890625 0.09296875
12 0.4 0.74453125 0.04296875 0.21640625
3 0.396875 0.653125 0.021875 0.02421875
3 0.40234375 0.6203125 0.01953125 0.025
3 0.35703125 0.56171875 0.015625 0.01953125
3 0.31015625 0.57578125 0.01640625 0.01953125
3 0.24296875 0.55 0.01015625 0.01796875
11 0.3078125 0.62734375 0.02578125 0.06640625
11 0.3578125 0.6453125 0.028125 0.1140625
3 0.32265625 0.62734375 0.01875 0.0265625
13 0.32890625 0.82109375 0.0109375 0.02421875
13 0.38671875 0.834375 0.01796875 0.0203125
11 0.4015625 0.753125 0.0390625 0.1625
13 0.40546875 0.8453125 0.01484375 0.0171875
13 0.35078125 0.82109375 0.015625 0.01875