12 0.28984375 0.86875 0.06328125 0.24375
9 0.29140625 0.871875 0.03359375 0.1828125
12 0.4015625 0.94765625 0.04609375 0.08671875
12 0.29921875 0.60390625 0.01953125 0.15390625
12 0.36171875 0.74453125 0.03984375 0.23046875
11 0.29921875 0.60390625 0.02109375 0.1015625
11 0.3609375 0.75625 0.0359375 0.18046875
12 0.4421875 0.7359375 0.0359375 0.2125
11 0.44609375 0.74375 0.0265625 0.16015625
12 0.42734375 0.7015625 0.0234375 0.20390625
3 0.44453125 0.6390625 0.02109375 0.0234375
3 0.43828125 0.61640625 0.01953125 0.025
3 0.29921875 0.5328125 0.01640625 0.01953125
3 0.3734375 0.6328125 0.01875 0.0265625
13 0.43046875 0.83359375 0.01953125 0.01875
13 0.44609375 0.83203125 0.01484375 0.0140625
13 0.3015625 0.66875 0.0109375 0.021875
7 0.275 0.75546875 0.0203125 0.03046875
7 0.39375 0.91875 0.0296875 0.03125
3 0.36015625 0.64296875 0.01875 0.0265625
10 0.2765625 0.9671875 0.02265625 0.02421875
10 0.30859375 0.978125 0.0203125 0.02890625
9 0.40390625 0.9765625 0.0421875 0.046875
13 0.37265625 0.85234375 0.0203125 0.0203125
13 0.35703125 0.84765625 0.00859375 0.02421875