12 0.65390625 0.72421875 0.0421875 0.228125
12 0.596875 0.74765625 0.04296875 0.22109375
11 0.59453125 0.75625 0.03984375 0.16640625
12 0.73203125 0.70859375 0.0453125 0.20390625
9 0.73046875 0.709375 0.040625 0.15
11 0.65625 0.73046875 0.0328125 0.15703125
12 0.58671875 0.6515625 0.0328125 0.08125
12 0.65078125 0.65625 0.0265625 0.184375
3 0.59609375 0.65234375 0.02265625 0.025
3 0.59375 0.6234375 0.0203125 0.02578125
3 0.64140625 0.5609375 0.01640625 0.0203125
3 0.64921875 0.5734375 0.0171875 0.0203125
11 0.646875 0.61171875 0.02734375 0.028125
3 0.6484375 0.6234375 0.01875 0.02734375
13 0.609375 0.83046875 0.01953125 0.0390625
13 0.58984375 0.84453125 0.015625 0.0171875
7 0.73203125 0.615625 0.021875 0.0234375
13 0.646875 0.8265625 0.01640625 0.01796875
13 0.66953125 0.82578125 0.01171875 0.02109375