12 0.35078125 0.6453125 0.02265625 0.1953125
12 0.3875 0.72421875 0.03984375 0.23359375
12 0.42734375 0.75546875 0.05078125 0.23203125
11 0.43203125 0.75859375 0.04140625 0.1859375
11 0.38671875 0.7328125 0.03515625 0.16796875
12 0.434375 0.6515625 0.02890625 0.090625
12 0.403125 0.68984375 0.03125 0.16171875
3 0.4265625 0.6484375 0.025 0.03125
3 0.42890625 0.61953125 0.021875 0.02734375
3 0.4046875 0.61953125 0.0171875 0.021875
3 0.35 0.5578125 0.01796875 0.021875
3 0.378125 0.61875 0.0203125 0.02890625
13 0.41171875 0.85546875 0.0234375 0.0234375
13 0.38359375 0.82109375 0.0203125 0.01875
11 0.35 0.64296875 0.021875 0.13359375
13 0.35078125 0.7234375 0.0171875 0.03359375
11 0.40234375 0.7140625 0.0328125 0.1375