12 0.39453125 0.7390625 0.05078125 0.22265625
11 0.3890625 0.75234375 0.04140625 0.1703125
12 0.41171875 0.71171875 0.0375 0.2125
12 0.3640625 0.6484375 0.025 0.17265625
12 0.3328125 0.6390625 0.0328125 0.17578125
12 0.31171875 0.6546875 0.01875 0.18125
12 0.2671875 0.59375 0.0265625 0.140625
12 0.45859375 0.72890625 0.0375 0.20234375
3 0.4546875 0.634375 0.021875 0.02421875
3 0.41171875 0.6140625 0.01953125 0.025
3 0.36328125 0.56953125 0.01953125 0.02421875
3 0.325 0.56015625 0.015625 0.01953125
3 0.3125 0.57265625 0.01640625 0.025
3 0.26875 0.52578125 0.01171875 0.015625
11 0.265625 0.590625 0.0296875 0.09375
11 0.3125 0.6640625 0.01640625 0.13203125
11 0.33125 0.63671875 0.03203125 0.1078125
11 0.4578125 0.7375 0.03046875 0.1515625
3 0.3890625 0.6421875 0.01875 0.0265625
13 0.409375 0.8421875 0.021875 0.021875
13 0.4640625 0.8171875 0.01484375 0.02109375
13 0.38984375 0.84296875 0.00859375 0.015625
13 0.32734375 0.7125 0.0109375 0.03984375
13 0.3453125 0.7125 0.01328125 0.0296875
13 0.26953125 0.65078125 0.0109375 0.03203125
9 0.36484375 0.65234375 0.0296875 0.1203125
13 0.31171875 0.73828125 0.0171875 0.015625
13 0.359375 0.7203125 0.01875 0.01796875
13 0.2609375 0.6390625 0.00703125 0.03125
11 0.4125 0.7140625 0.0375 0.14921875