12 0.690625 0.7234375 0.04921875 0.2265625
11 0.6921875 0.7328125 0.04609375 0.1640625
12 0.615625 0.63984375 0.0296875 0.078125
12 0.66953125 0.63984375 0.02421875 0.18125
12 0.7109375 0.60859375 0.015625 0.09609375
12 0.77734375 0.5953125 0.01875 0.14453125
12 0.62109375 0.7453125 0.04453125 0.225
3 0.62109375 0.64609375 0.02265625 0.025
3 0.61796875 0.615625 0.0203125 0.02578125
3 0.6703125 0.553125 0.01640625 0.0203125
3 0.70859375 0.56875 0.0171875 0.0203125
3 0.7796875 0.52421875 0.0109375 0.01875
11 0.77890625 0.5875 0.0171875 0.0921875
11 0.71015625 0.60625 0.0140625 0.02578125
11 0.66796875 0.6421875 0.02265625 0.11796875
3 0.7 0.6234375 0.01953125 0.02734375
13 0.69609375 0.825 0.01171875 0.02578125
13 0.63515625 0.8390625 0.01875 0.02109375
11 0.61875 0.7546875 0.040625 0.16953125
13 0.615625 0.85 0.015625 0.01796875
3 0.77890625 0.56640625 0.015625 0.03203125
13 0.671875 0.82890625 0.01640625 0.01953125