12 0.7828125 0.72265625 0.05859375 0.2046875
12 0.7328125 0.715625 0.03515625 0.190625
12 0.6296875 0.75 0.03984375 0.234375
11 0.625 0.7515625 0.03359375 0.17265625
12 0.734375 0.57734375 0.02578125 0.09140625
12 0.67734375 0.725 0.03828125 0.20625
11 0.73359375 0.5890625 0.02265625 0.0609375
11 0.671875 0.728125 0.02578125 0.1359375
12 0.55859375 0.74609375 0.02890625 0.21875
11 0.55703125 0.74140625 0.025 0.15703125
3 0.56015625 0.64296875 0.021875 0.02421875
3 0.5578125 0.615625 0.0203125 0.02578125
3 0.74140625 0.540625 0.01484375 0.01953125
3 0.6375 0.64296875 0.01640625 0.02734375
13 0.565625 0.84296875 0.02265625 0.025
3 0.67421875 0.63515625 0.021875 0.0234375
13 0.66484375 0.80703125 0.01640625 0.03359375
13 0.6859375 0.81328125 0.02109375 0.040625
3 0.78984375 0.63359375 0.0171875 0.025
11 0.72578125 0.703125 0.04296875 0.11484375
13 0.7171875 0.79765625 0.01015625 0.0484375
13 0.72890625 0.79921875 0.0140625 0.0484375
3 0.72578125 0.63359375 0.0171875 0.025
13 0.8 0.8 0.01796875 0.0453125
13 0.634375 0.85078125 0.0171875 0.021875
11 0.78359375 0.715625 0.04453125 0.12265625
13 0.7765625 0.7984375 0.01015625 0.046875
13 0.61796875 0.846875 0.01640625 0.021875