12 0.50234375 0.9140625 0.0421875 0.171875
12 0.29296875 0.60859375 0.0203125 0.1578125
12 0.34765625 0.721875 0.03984375 0.21484375
11 0.29609375 0.60703125 0.021875 0.1046875
12 0.37421875 0.71640625 0.03828125 0.1921875
11 0.346875 0.7328125 0.0390625 0.159375
12 0.4421875 0.74453125 0.03671875 0.2203125
11 0.44609375 0.7546875 0.02734375 0.165625
11 0.37109375 0.7203125 0.03359375 0.13125
12 0.42734375 0.70859375 0.02421875 0.2109375
3 0.44453125 0.64375 0.021875 0.02421875
3 0.43984375 0.61953125 0.0203125 0.02578125
3 0.3671875 0.6296875 0.01796875 0.0234375
3 0.2953125 0.53359375 0.0171875 0.0203125
3 0.33671875 0.625 0.01875 0.02734375
13 0.43125 0.8453125 0.0203125 0.01953125
13 0.36328125 0.81328125 0.01796875 0.0203125
13 0.3875 0.796875 0.01484375 0.03359375
13 0.34296875 0.81953125 0.021875 0.01640625
13 0.446875 0.84375 0.015625 0.0140625
13 0.2984375 0.67109375 0.01171875 0.02265625
7 0.4984375 0.840625 0.0296875 0.02890625
9 0.503125 0.93671875 0.0375 0.1265625