12 0.65859375 0.74453125 0.04296875 0.2359375
11 0.659375 0.753125 0.0421875 0.17578125
12 0.58828125 0.72734375 0.04453125 0.23125
12 0.63515625 0.65625 0.0265625 0.17890625
12 0.66875 0.5890625 0.03125 0.06796875
12 0.68828125 0.66015625 0.01875 0.18828125
12 0.7203125 0.58984375 0.025 0.1453125
12 0.56796875 0.74765625 0.0359375 0.21484375
3 0.56796875 0.65078125 0.02265625 0.025
3 0.58671875 0.6265625 0.0203125 0.02578125
3 0.6375 0.57421875 0.0203125 0.025
3 0.6734375 0.5640625 0.01640625 0.0203125
3 0.68359375 0.578125 0.0171875 0.02578125
3 0.71640625 0.521875 0.01171875 0.01640625
11 0.7203125 0.58359375 0.0234375 0.08828125
11 0.68828125 0.67265625 0.0171875 0.13984375
11 0.66953125 0.6546875 0.02421875 0.13515625
11 0.5640625 0.75546875 0.0296875 0.16328125
3 0.64921875 0.63671875 0.01875 0.02734375
13 0.64609375 0.8484375 0.02265625 0.0203125
13 0.56015625 0.8453125 0.01484375 0.021875
13 0.6671875 0.84375 0.01171875 0.01875
13 0.728125 0.646875 0.0109375 0.03359375
9 0.63359375 0.66171875 0.03046875 0.12421875
13 0.68984375 0.740625 0.01484375 0.02734375
13 0.7140625 0.64453125 0.00703125 0.03203125
11 0.59140625 0.73125 0.03359375 0.16328125
13 0.60390625 0.825 0.01484375 0.040625
13 0.584375 0.8125 0.015625 0.03984375