12 0.3390625 0.77421875 0.03515625 0.24296875
11 0.34140625 0.78359375 0.028125 0.171875
12 0.41484375 0.7609375 0.01953125 0.22734375
12 0.38515625 0.696875 0.03125 0.190625
12 0.346875 0.64375 0.0296875 0.1015625
12 0.328125 0.7015625 0.0203125 0.20078125
12 0.278125 0.62109375 0.02734375 0.15234375
12 0.43203125 0.7984375 0.03359375 0.24296875
3 0.43125 0.6890625 0.02421875 0.0265625
3 0.415625 0.66171875 0.021875 0.02734375
3 0.3859375 0.61171875 0.0203125 0.021875
3 0.3421875 0.60078125 0.01796875 0.021875
3 0.3265625 0.61640625 0.01796875 0.02734375
3 0.27265625 0.5515625 0.01171875 0.01953125
11 0.2734375 0.6140625 0.01953125 0.09453125
11 0.32421875 0.7140625 0.01875 0.14921875
11 0.3484375 0.65859375 0.025 0.07734375
11 0.4375 0.80546875 0.034375 0.18671875
3 0.34140625 0.66328125 0.0203125 0.0296875
13 0.33828125 0.88359375 0.0125 0.0359375
13 0.42578125 0.909375 0.0203125 0.021875
13 0.275 0.67578125 0.01328125 0.03125
9 0.384375 0.7 0.03203125 0.13515625
11 0.41171875 0.7734375 0.0234375 0.1671875
13 0.41484375 0.865625 0.01640625 0.01875
13 0.28671875 0.68046875 0.01171875 0.0359375