12 0.30390625 0.6015625 0.01953125 0.15390625
12 0.3515625 0.71640625 0.0390625 0.209375
11 0.30390625 0.60703125 0.01953125 0.096875
12 0.37734375 0.7109375 0.0375 0.18671875
11 0.35 0.72734375 0.03828125 0.15546875
12 0.43046875 0.73828125 0.03359375 0.215625
11 0.41953125 0.7484375 0.03828125 0.17265625
11 0.37421875 0.71484375 0.0328125 0.128125
12 0.4453125 0.71171875 0.0296875 0.21796875
3 0.4328125 0.6453125 0.02109375 0.0234375
3 0.4390625 0.6171875 0.0203125 0.025
3 0.36875 0.62734375 0.01796875 0.02265625
3 0.303125 0.5328125 0.01640625 0.0203125
3 0.34453125 0.621875 0.01875 0.0265625
13 0.42265625 0.83359375 0.0171875 0.01328125
13 0.36640625 0.80546875 0.0171875 0.0203125
13 0.4375 0.840625 0.015625 0.01484375
13 0.39140625 0.79765625 0.0171875 0.015625
11 0.4421875 0.71875 0.03125 0.1578125
13 0.3453125 0.81328125 0.015625 0.015625
13 0.4515625 0.8125 0.015625 0.02265625
13 0.303125 0.6640625 0.01875 0.02890625