12 0.096875 0.7640625 0.0578125 0.2046875
12 0.29140625 0.62734375 0.02109375 0.16640625
12 0.375 0.7796875 0.0625 0.2484375
11 0.29296875 0.628125 0.02265625 0.109375
11 0.3734375 0.78984375 0.06171875 0.1921875
12 0.46171875 0.77421875 0.03046875 0.2296875
11 0.4625 0.77890625 0.02734375 0.1734375
12 0.446875 0.734375 0.0265625 0.22109375
3 0.45703125 0.675 0.02265625 0.025
3 0.4546875 0.6421875 0.02109375 0.02734375
3 0.28984375 0.553125 0.01796875 0.021875
3 0.37578125 0.66015625 0.0171875 0.02421875
13 0.4609375 0.87890625 0.02109375 0.0203125
13 0.29921875 0.69609375 0.01171875 0.0234375
3 0.371875 0.671875 0.01953125 0.025
13 0.36796875 0.88828125 0.01015625 0.0265625
13 0.39453125 0.89375 0.025 0.0203125
3 0.08125 0.67578125 0.01796875 0.0265625
11 0.09609375 0.75625 0.0375 0.11640625
13 0.11640625 0.83984375 0.0171875 0.04375
13 0.10078125 0.84453125 0.01328125 0.04453125
13 0.28203125 0.69453125 0.0171875 0.0265625