12 0.33984375 0.89453125 0.0828125 0.2109375
9 0.3359375 0.9171875 0.040625 0.16484375
12 0.47578125 0.98984375 0.05 0.0203125
12 0.26953125 0.62890625 0.02109375 0.1640625
12 0.33984375 0.75078125 0.02734375 0.18828125
11 0.2703125 0.628125 0.02265625 0.1078125
11 0.3390625 0.76953125 0.02890625 0.14453125
12 0.421875 0.76953125 0.03828125 0.2265625
11 0.42578125 0.778125 0.028125 0.17109375
12 0.40625 0.73359375 0.025 0.21796875
3 0.42421875 0.66640625 0.02265625 0.025
3 0.41640625 0.6421875 0.02109375 0.0265625
3 0.26953125 0.55234375 0.01796875 0.02109375
3 0.34609375 0.67421875 0.01953125 0.028125
13 0.409375 0.8734375 0.02109375 0.0203125
13 0.4265625 0.87265625 0.015625 0.01484375
13 0.2734375 0.696875 0.01171875 0.0234375
7 0.32265625 0.80703125 0.02109375 0.03203125
7 0.46875 0.9875 0.0328125 0.02421875