12 0.62578125 0.7890625 0.04609375 0.25234375
11 0.6265625 0.7984375 0.0453125 0.18828125
12 0.55078125 0.77109375 0.04765625 0.246875
12 0.60078125 0.69453125 0.028125 0.190625
12 0.63671875 0.62265625 0.03359375 0.07265625
12 0.6578125 0.69921875 0.0203125 0.20078125
12 0.6921875 0.6234375 0.02734375 0.15546875
12 0.528125 0.79296875 0.03828125 0.2296875
3 0.528125 0.6890625 0.02421875 0.0265625
3 0.5484375 0.66328125 0.021875 0.02734375
3 0.603125 0.60703125 0.02109375 0.02734375
3 0.6421875 0.59609375 0.01796875 0.021875
3 0.653125 0.6109375 0.01875 0.02734375
3 0.68828125 0.55078125 0.0125 0.01796875
11 0.6921875 0.6171875 0.025 0.09453125
11 0.6578125 0.7125 0.01875 0.14921875
11 0.6375 0.69375 0.0265625 0.14453125
11 0.52421875 0.8015625 0.03203125 0.17421875
3 0.61640625 0.67421875 0.0203125 0.0296875
13 0.6125 0.9 0.02421875 0.02109375
13 0.5203125 0.89765625 0.01640625 0.02265625
13 0.63515625 0.8953125 0.0125 0.01953125
13 0.70078125 0.684375 0.01171875 0.0359375
9 0.5984375 0.70078125 0.0328125 0.1328125
13 0.659375 0.78515625 0.015625 0.0296875
13 0.68515625 0.68203125 0.00703125 0.034375
11 0.55390625 0.77578125 0.03671875 0.17421875
13 0.5671875 0.875 0.01640625 0.04375
13 0.54609375 0.86171875 0.01640625 0.04296875