12 0.78984375 0.71796875 0.04375 0.2140625
12 0.7140625 0.71171875 0.0375 0.20390625
12 0.60703125 0.74921875 0.0421875 0.25078125
11 0.6109375 0.75078125 0.03984375 0.18515625
12 0.70390625 0.57734375 0.02265625 0.12890625
12 0.6546875 0.72265625 0.04140625 0.2203125
11 0.70390625 0.584375 0.021875 0.09765625
11 0.6484375 0.725 0.02734375 0.1453125
12 0.528125 0.74453125 0.03125 0.234375
11 0.5265625 0.73984375 0.0265625 0.16796875
3 0.52890625 0.634375 0.0234375 0.02578125
3 0.5265625 0.60546875 0.021875 0.02734375
3 0.7078125 0.521875 0.01796875 0.021875
3 0.60390625 0.63828125 0.02109375 0.03125
13 0.53515625 0.84765625 0.02421875 0.0265625
3 0.65 0.62421875 0.0234375 0.025
13 0.64140625 0.81015625 0.01796875 0.0359375
13 0.6640625 0.81640625 0.02265625 0.04375
3 0.78828125 0.61796875 0.01796875 0.0265625
11 0.71328125 0.6984375 0.03671875 0.12265625
13 0.6984375 0.78984375 0.0109375 0.0515625
13 0.7203125 0.78828125 0.01484375 0.0515625
3 0.71484375 0.6203125 0.01796875 0.0265625
13 0.8015625 0.79921875 0.01953125 0.0484375
13 0.60390625 0.86875 0.0234375 0.02265625
11 0.790625 0.70625 0.0390625 0.13125
13 0.77265625 0.79765625 0.0109375 0.05