12 0.33359375 0.725 0.05 0.21328125
12 0.4 0.74453125 0.04296875 0.21640625
11 0.4015625 0.753125 0.0390625 0.1625
12 0.26484375 0.75703125 0.05390625 0.2296875
9 0.26484375 0.75859375 0.0546875 0.16953125
11 0.3296875 0.7328125 0.04921875 0.15859375
12 0.409375 0.65078125 0.03203125 0.0796875
12 0.3578125 0.6453125 0.0234375 0.1828125
12 0.328125 0.61484375 0.02109375 0.09375
3 0.396875 0.653125 0.021875 0.02421875
3 0.4046875 0.62265625 0.01953125 0.025
3 0.35625 0.56171875 0.015625 0.01953125
3 0.33203125 0.578125 0.01640625 0.01953125
11 0.325 0.60625 0.01796875 0.021875
11 0.35546875 0.6453125 0.0234375 0.1140625
3 0.32421875 0.62734375 0.01875 0.0265625
13 0.38671875 0.82578125 0.01875 0.03828125
13 0.40390625 0.84375 0.01484375 0.0171875
7 0.259375 0.65390625 0.02109375 0.02265625
13 0.35 0.821875 0.015625 0.0171875
13 0.328125 0.82109375 0.01171875 0.0203125