12 0.3328125 0.7234375 0.046875 0.21796875
11 0.33125 0.73203125 0.04453125 0.15859375
12 0.40546875 0.64296875 0.028125 0.075
12 0.35703125 0.64296875 0.0234375 0.17421875
12 0.31328125 0.6125 0.01484375 0.09296875
12 0.2671875 0.61015625 0.021875 0.1359375
12 0.24921875 0.6 0.01796875 0.1390625
12 0.4 0.74453125 0.04296875 0.21640625
3 0.4 0.64921875 0.021875 0.02421875
3 0.403125 0.61953125 0.01953125 0.025
3 0.3578125 0.5640625 0.015625 0.01953125
3 0.315625 0.575 0.01640625 0.01953125
3 0.24296875 0.5375 0.01015625 0.01796875
11 0.2484375 0.59296875 0.0171875 0.08828125
11 0.31015625 0.61171875 0.02265625 0.0265625
11 0.359375 0.64609375 0.02421875 0.115625
3 0.32421875 0.62734375 0.01875 0.0265625
13 0.328125 0.82109375 0.0109375 0.02421875
13 0.38671875 0.834375 0.01796875 0.0203125
13 0.25390625 0.6484375 0.01015625 0.028125
11 0.4015625 0.753125 0.0390625 0.1625
13 0.40546875 0.8453125 0.01484375 0.0171875
3 0.2625 0.553125 0.0140625 0.0171875
9 0.26640625 0.61328125 0.01875 0.09765625
13 0.35078125 0.825 0.015625 0.01875