12 0.6515625 0.5890625 0.02265625 0.1234375
12 0.64140625 0.71953125 0.04140625 0.221875
11 0.65078125 0.58203125 0.02265625 0.0546875
12 0.6125 0.7171875 0.04296875 0.20625
11 0.6421875 0.73125 0.040625 0.1640625
12 0.57578125 0.74453125 0.04921875 0.2296875
11 0.56875 0.75390625 0.040625 0.1828125
11 0.6171875 0.71875 0.03515625 0.1359375
12 0.55078125 0.71640625 0.04921875 0.240625
3 0.57109375 0.6453125 0.02421875 0.03046875
3 0.55078125 0.61484375 0.02109375 0.0265625
3 0.621875 0.62578125 0.01875 0.02421875
3 0.6546875 0.5375 0.01796875 0.02109375
3 0.6484375 0.6203125 0.01953125 0.028125
13 0.5875 0.84921875 0.0234375 0.0234375
13 0.625 0.81484375 0.01796875 0.02109375
13 0.56875 0.846875 0.01640625 0.01640625
13 0.5984375 0.80390625 0.01796875 0.01640625
11 0.5453125 0.721875 0.0328125 0.16640625
13 0.64765625 0.821875 0.0171875 0.0171875
13 0.5359375 0.81875 0.01796875 0.03203125