12 0.36796875 0.7734375 0.05234375 0.2421875
11 0.36484375 0.7859375 0.05546875 0.18046875
12 0.4484375 0.684375 0.03125 0.08359375
12 0.39375 0.684375 0.03203125 0.19375
12 0.33984375 0.65078125 0.0328125 0.10390625
12 0.44296875 0.79765625 0.04765625 0.240625
3 0.4390625 0.6953125 0.02421875 0.02734375
3 0.44453125 0.659375 0.021875 0.028125
3 0.39453125 0.59375 0.01796875 0.021875
3 0.34296875 0.61015625 0.01875 0.021875
3 0.26796875 0.58125 0.01171875 0.01953125
11 0.33984375 0.6671875 0.02890625 0.07421875
11 0.39609375 0.6875 0.03125 0.1265625
3 0.35625 0.6671875 0.0203125 0.0296875
13 0.36328125 0.88203125 0.0125 0.02734375
13 0.428125 0.89765625 0.0203125 0.021875
11 0.44453125 0.80703125 0.04375 0.18125
13 0.4484375 0.909375 0.01640625 0.01875
13 0.38828125 0.8828125 0.0171875 0.0203125