12 0.2828125 0.634375 0.0453125 0.17265625
12 0.3234375 0.5703125 0.02109375 0.16796875
12 0.390625 0.7234375 0.04375 0.2515625
11 0.32265625 0.5703125 0.02265625 0.1109375
11 0.39296875 0.73671875 0.04453125 0.196875
12 0.47890625 0.7140625 0.0390625 0.23203125
11 0.48359375 0.72265625 0.02890625 0.175
12 0.46328125 0.67734375 0.02578125 0.22265625
3 0.47734375 0.6171875 0.0234375 0.02578125
3 0.475 0.58359375 0.021875 0.02734375
3 0.321875 0.4921875 0.01796875 0.021875
3 0.38984375 0.5984375 0.015625 0.0234375
13 0.46875 0.81953125 0.02109375 0.0203125
13 0.484375 0.81953125 0.01640625 0.01484375
13 0.32578125 0.640625 0.0125 0.02421875
3 0.39765625 0.615625 0.01953125 0.02578125
13 0.3859375 0.8375 0.0109375 0.0265625
13 0.40390625 0.84296875 0.0203125 0.021875
3 0.275 0.5640625 0.01875 0.02734375
11 0.275 0.6296875 0.034375 0.103125
13 0.29609375 0.70390625 0.01640625 0.040625
13 0.2671875 0.70078125 0.0109375 0.03359375