12 0.34921875 0.7421875 0.028125 0.2234375
12 0.37421875 0.771875 0.04375 0.22265625
11 0.3765625 0.78203125 0.04140625 0.17109375
11 0.3484375 0.74296875 0.02890625 0.1546875
12 0.39375 0.7390625 0.03203125 0.22421875
12 0.33125 0.68046875 0.0234375 0.190625
3 0.37734375 0.6734375 0.02265625 0.02578125
3 0.39375 0.64375 0.02109375 0.0265625
3 0.3265625 0.58203125 0.01640625 0.02109375
3 0.3328125 0.59765625 0.0171875 0.02109375
11 0.334375 0.68125 0.01796875 0.12421875
3 0.35078125 0.63828125 0.01953125 0.028125
13 0.36484375 0.85546875 0.02109375 0.03984375
13 0.3796875 0.87265625 0.015625 0.01796875
13 0.3484375 0.84375 0.01640625 0.01796875
11 0.39765625 0.74609375 0.025 0.17578125