12 0.70234375 0.646875 0.03125 0.1953125
12 0.6671875 0.71953125 0.0390625 0.22265625
12 0.628125 0.753125 0.05 0.234375
11 0.62265625 0.7609375 0.04140625 0.1859375
11 0.66796875 0.73515625 0.03515625 0.16796875
12 0.62265625 0.62734375 0.02734375 0.03828125
12 0.65 0.69140625 0.025 0.16328125
3 0.625 0.64921875 0.025 0.03125
3 0.62109375 0.62421875 0.021875 0.02734375
3 0.65 0.621875 0.0171875 0.021875
3 0.709375 0.5453125 0.01796875 0.021875
3 0.67421875 0.6203125 0.0203125 0.02890625
13 0.64296875 0.8578125 0.0234375 0.0234375
13 0.67109375 0.8234375 0.0203125 0.01875
11 0.7078125 0.6359375 0.03671875 0.134375
13 0.70859375 0.72265625 0.0140625 0.0390625
13 0.62421875 0.85546875 0.0171875 0.01640625