12 0.66640625 0.7265625 0.05078125 0.215625
12 0.59921875 0.746875 0.04375 0.21796875
11 0.59765625 0.75546875 0.03984375 0.1640625
12 0.73515625 0.759375 0.0546875 0.23125
9 0.73515625 0.7609375 0.05546875 0.17109375
11 0.6703125 0.734375 0.04921875 0.16015625
12 0.590625 0.6515625 0.03203125 0.08046875
12 0.6421875 0.64609375 0.02421875 0.184375
12 0.671875 0.615625 0.021875 0.09453125
3 0.60234375 0.65390625 0.021875 0.02421875
3 0.59453125 0.62421875 0.0203125 0.025
3 0.64375 0.5625 0.01640625 0.0203125
3 0.66796875 0.57890625 0.01640625 0.0203125
11 0.675 0.6078125 0.01796875 0.021875
11 0.64375 0.646875 0.0234375 0.11484375
3 0.67578125 0.62890625 0.01875 0.0265625
13 0.6125 0.82890625 0.01953125 0.03828125
13 0.5953125 0.846875 0.01484375 0.0171875
7 0.74140625 0.6546875 0.021875 0.0234375
13 0.65 0.82421875 0.015625 0.0171875
13 0.671875 0.8234375 0.01171875 0.0203125