12 0.353125 0.61953125 0.03515625 0.13828125
12 0.27734375 0.76484375 0.04609375 0.2421875
12 0.13828125 0.9125 0.0515625 0.17421875
9 0.1390625 0.93515625 0.046875 0.1296875
11 0.2734375 0.778125 0.0375 0.178125
12 0.30546875 0.728125 0.04296875 0.20546875
11 0.30859375 0.72734375 0.0375 0.134375
12 0.43671875 0.74296875 0.028125 0.2125
11 0.43828125 0.73828125 0.02421875 0.15234375
3 0.4359375 0.64296875 0.02109375 0.0234375
3 0.43828125 0.61640625 0.01953125 0.025
3 0.2765625 0.66171875 0.02265625 0.02578125
13 0.43046875 0.83671875 0.021875 0.02421875
3 0.31640625 0.640625 0.02109375 0.02265625
13 0.2625 0.87421875 0.02109375 0.01953125
13 0.31640625 0.8125 0.0140625 0.0375
3 0.35390625 0.56171875 0.01640625 0.0203125
7 0.13125 0.83203125 0.02265625 0.028125
9 0.35390625 0.6203125 0.02578125 0.096875
13 0.2921875 0.8078125 0.01953125 0.0375
13 0.29296875 0.875 0.02578125 0.0203125