12 0.340625 0.5921875 0.02109375 0.115625
12 0.35 0.7140625 0.0390625 0.2078125
11 0.340625 0.58515625 0.02109375 0.05078125
12 0.3765625 0.71171875 0.03984375 0.19296875
11 0.34921875 0.725 0.03828125 0.15390625
12 0.41171875 0.7375 0.04609375 0.215625
11 0.41796875 0.74609375 0.03828125 0.17109375
11 0.37265625 0.71328125 0.0328125 0.12734375
12 0.43515625 0.71171875 0.04609375 0.22578125
3 0.415625 0.64453125 0.02265625 0.02890625
3 0.43515625 0.615625 0.01953125 0.025
3 0.36875 0.6265625 0.0171875 0.02265625
3 0.3375 0.54296875 0.01640625 0.01953125
3 0.34375 0.62109375 0.01875 0.0265625
13 0.4 0.8359375 0.021875 0.021875
13 0.36484375 0.803125 0.0171875 0.0203125
13 0.41796875 0.83359375 0.015625 0.01484375
13 0.38984375 0.79375 0.0171875 0.015625
11 0.43984375 0.71640625 0.03046875 0.15625
13 0.34453125 0.81015625 0.015625 0.015625
13 0.4484375 0.80703125 0.0171875 0.03046875