12 0.30859375 0.784375 0.03984375 0.24140625
11 0.3140625 0.796875 0.0484375 0.17421875
12 0.37890625 0.76875 0.0234375 0.22578125
12 0.3515625 0.70546875 0.03125 0.18984375
12 0.31328125 0.65859375 0.03046875 0.11328125
12 0.28984375 0.7171875 0.040625 0.19140625
12 0.225 0.64375 0.025 0.153125
12 0.39765625 0.80625 0.0328125 0.24140625
3 0.396875 0.69765625 0.02421875 0.0265625
3 0.38125 0.6703125 0.021875 0.02734375
3 0.3515625 0.6203125 0.0203125 0.02109375
3 0.30859375 0.609375 0.0171875 0.021875
3 0.303125 0.634375 0.01796875 0.02734375
3 0.2171875 0.57578125 0.01171875 0.01953125
11 0.2265625 0.6421875 0.01953125 0.09375
11 0.284375 0.7203125 0.03046875 0.15390625
11 0.3140625 0.67109375 0.025 0.07734375
11 0.40078125 0.8140625 0.02421875 0.1828125
3 0.303125 0.678125 0.0203125 0.02890625
13 0.31171875 0.89453125 0.0125 0.0265625
13 0.38984375 0.9171875 0.0203125 0.021875
13 0.234375 0.70703125 0.0125 0.03046875
9 0.35 0.70625 0.03203125 0.134375
11 0.378125 0.7765625 0.021875 0.16640625
13 0.38046875 0.8734375 0.01640625 0.01875