12 0.68359375 0.61328125 0.0328125 0.17265625
12 0.65 0.71796875 0.03125 0.21875
12 0.60859375 0.75234375 0.0484375 0.22890625
11 0.60703125 0.759375 0.040625 0.18203125
11 0.64765625 0.734375 0.034375 0.1640625
12 0.603125 0.63046875 0.028125 0.04375
12 0.634375 0.7234375 0.0234375 0.21015625
3 0.60546875 0.65 0.02421875 0.03046875
3 0.6015625 0.62578125 0.02109375 0.0265625
3 0.63984375 0.6296875 0.01015625 0.02265625
3 0.684375 0.53828125 0.0171875 0.02109375
3 0.65390625 0.621875 0.01953125 0.028125
13 0.6234375 0.8546875 0.02265625 0.0234375
13 0.65078125 0.82109375 0.01953125 0.01796875
11 0.6828125 0.615625 0.034375 0.11171875
13 0.6859375 0.68515625 0.01328125 0.02578125
13 0.6046875 0.85234375 0.01640625 0.015625
13 0.671875 0.68046875 0.00859375 0.021875