12 0.428125 0.65703125 0.028125 0.0875
12 0.3421875 0.646875 0.0375 0.16328125
12 0.29453125 0.7765625 0.0328125 0.25078125
11 0.29140625 0.78671875 0.02578125 0.19453125
12 0.3109375 0.73828125 0.021875 0.2078125
11 0.31015625 0.75 0.0171875 0.15234375
12 0.41796875 0.7578125 0.0375 0.21875
11 0.41953125 0.76796875 0.03359375 0.1578125
3 0.4171875 0.65390625 0.021875 0.02421875
3 0.4234375 0.625 0.0203125 0.02578125
3 0.29609375 0.66484375 0.0234375 0.02734375
13 0.4203125 0.85625 0.02265625 0.025
3 0.3125 0.64453125 0.021875 0.0234375
13 0.2875 0.884375 0.0125 0.01640625
13 0.31328125 0.83203125 0.01875 0.0203125
3 0.340625 0.57734375 0.0171875 0.0203125
9 0.340625 0.64609375 0.0359375 0.1078125
13 0.30234375 0.890625 0.01953125 0.0171875