12 0.66171875 0.934375 0.04609375 0.13125
12 0.30859375 0.6046875 0.0203125 0.16171875
12 0.36484375 0.72109375 0.04140625 0.2203125
11 0.31171875 0.603125 0.02265625 0.1078125
12 0.39140625 0.715625 0.03984375 0.196875
11 0.3640625 0.7328125 0.040625 0.16328125
12 0.4625 0.74375 0.0375 0.22578125
11 0.46640625 0.75546875 0.02734375 0.1734375
11 0.3890625 0.71953125 0.034375 0.13515625
12 0.44921875 0.7078125 0.01953125 0.2171875
3 0.46640625 0.640625 0.02265625 0.025
3 0.459375 0.615625 0.02109375 0.0265625
3 0.38671875 0.6265625 0.01875 0.02421875
3 0.3109375 0.528125 0.0171875 0.02109375
3 0.35703125 0.621875 0.01953125 0.028125
13 0.45 0.84765625 0.02109375 0.01953125
13 0.38125 0.815625 0.01796875 0.02109375
13 0.40546875 0.7984375 0.015625 0.034375
13 0.36015625 0.82109375 0.02265625 0.01640625
13 0.4703125 0.82265625 0.01640625 0.02421875
13 0.3140625 0.66875 0.01171875 0.0234375
7 0.65546875 0.890625 0.03046875 0.0296875
9 0.6640625 0.9640625 0.0375 0.07109375
7 0.48515625 0.9828125 0.0296875 0.034375