12 0.63828125 0.8765625 0.0765625 0.246875
9 0.6421875 0.8984375 0.03828125 0.203125
12 0.509375 0.9671875 0.04765625 0.065625
12 0.70546875 0.60078125 0.01953125 0.15625
12 0.6390625 0.7171875 0.02578125 0.17890625
11 0.7046875 0.60078125 0.02109375 0.10234375
11 0.6390625 0.73515625 0.02734375 0.1375
12 0.5609375 0.734375 0.0359375 0.215625
11 0.55703125 0.7421875 0.0265625 0.1625
12 0.57578125 0.7 0.0234375 0.20703125
3 0.55859375 0.63671875 0.02109375 0.0234375
3 0.565625 0.6140625 0.0203125 0.025
3 0.70546875 0.52890625 0.01640625 0.0203125
3 0.63203125 0.64453125 0.01875 0.0265625
13 0.57265625 0.83359375 0.01953125 0.01875
13 0.55625 0.83203125 0.01484375 0.0140625
13 0.7015625 0.665625 0.0109375 0.021875
7 0.6546875 0.7703125 0.0203125 0.03046875
7 0.515625 0.94765625 0.0296875 0.03125