12 0.2203125 0.85234375 0.0515625 0.2359375
9 0.21796875 0.8546875 0.040625 0.17265625
12 0.315625 0.94375 0.0578125 0.10703125
12 0.29921875 0.60390625 0.01953125 0.15390625
12 0.36171875 0.74453125 0.03984375 0.23046875
11 0.29921875 0.60390625 0.02109375 0.1015625
11 0.3609375 0.75625 0.0359375 0.18046875
12 0.4421875 0.7359375 0.0359375 0.2125
11 0.44609375 0.74375 0.0265625 0.16015625
12 0.42734375 0.7015625 0.0234375 0.20390625
3 0.44453125 0.6390625 0.02109375 0.0234375
3 0.43828125 0.61640625 0.01953125 0.025
3 0.29921875 0.5328125 0.01640625 0.01953125
3 0.36796875 0.6328125 0.01484375 0.02109375
13 0.4328125 0.8328125 0.01953125 0.01875
13 0.44609375 0.83203125 0.01484375 0.0140625
13 0.3015625 0.66875 0.0109375 0.021875
7 0.20625 0.7453125 0.0203125 0.03046875
7 0.3 0.90859375 0.0296875 0.03125
3 0.37265625 0.64765625 0.01796875 0.0234375
10 0.215625 0.95546875 0.02265625 0.02421875
10 0.23359375 0.96640625 0.0203125 0.02890625
9 0.31796875 0.96875 0.04921875 0.05859375
13 0.35625 0.84921875 0.009375 0.02421875
13 0.3734375 0.85390625 0.01796875 0.0203125