12 0.8171875 0.70546875 0.0328125 0.20703125
12 0.76015625 0.7109375 0.0359375 0.196875
12 0.646875 0.74140625 0.0484375 0.253125
11 0.646875 0.75 0.04609375 0.184375
12 0.753125 0.58671875 0.0203125 0.1515625
12 0.703125 0.72109375 0.03984375 0.2125
11 0.75 0.58828125 0.02109375 0.09453125
11 0.69453125 0.71953125 0.025 0.1515625
12 0.58046875 0.7421875 0.0296875 0.22578125
11 0.57890625 0.7453125 0.028125 0.175
3 0.58203125 0.63671875 0.02265625 0.025
3 0.5796875 0.60859375 0.02109375 0.0265625
3 0.75703125 0.52109375 0.0171875 0.02109375
3 0.63515625 0.64296875 0.0203125 0.03046875
13 0.5875 0.8421875 0.0234375 0.02578125
3 0.696875 0.625 0.02265625 0.02421875
13 0.690625 0.80546875 0.0171875 0.034375
13 0.7125 0.8125 0.021875 0.0421875
3 0.8234375 0.6171875 0.01796875 0.02578125
11 0.76015625 0.69765625 0.0359375 0.11796875
13 0.74765625 0.7859375 0.0109375 0.05
13 0.76640625 0.7859375 0.01171875 0.04921875
3 0.7671875 0.621875 0.01796875 0.02578125
13 0.81484375 0.784375 0.01015625 0.046875
13 0.65859375 0.846875 0.01171875 0.02734375
13 0.64140625 0.8546875 0.01875 0.02265625
11 0.815625 0.69921875 0.03046875 0.1265625