12 0.72265625 0.7203125 0.034375 0.18203125
12 0.6 0.79453125 0.034375 0.23203125
11 0.59609375 0.7921875 0.028125 0.1515625
12 0.7015625 0.6546875 0.021875 0.1703125
12 0.6234375 0.7984375 0.04296875 0.246875
11 0.7 0.6640625 0.02109375 0.1109375
11 0.625 0.80546875 0.0375 0.1890625
12 0.515625 0.80625 0.03125 0.23515625
11 0.51640625 0.81328125 0.028125 0.17734375
12 0.53125 0.76484375 0.02734375 0.22578125
3 0.51875 0.7046875 0.0234375 0.02578125
3 0.52265625 0.6703125 0.021875 0.02734375
3 0.7046875 0.57890625 0.01796875 0.021875
3 0.60625 0.69140625 0.01640625 0.0234375
13 0.51640625 0.91328125 0.021875 0.0203125
3 0.6234375 0.6921875 0.0234375 0.025
13 0.6125 0.9078125 0.0171875 0.02734375
13 0.7 0.72421875 0.0171875 0.02734375
13 0.63671875 0.90703125 0.01484375 0.02421875
3 0.72421875 0.646875 0.01484375 0.0234375
11 0.721875 0.71640625 0.03515625 0.1015625
13 0.71875 0.78984375 0.01015625 0.040625