12 0.66328125 0.628125 0.021875 0.17109375
12 0.646875 0.7390625 0.040625 0.21640625
12 0.58515625 0.76484375 0.04765625 0.225
11 0.58359375 0.77265625 0.03984375 0.17890625
11 0.6234375 0.74765625 0.034375 0.1609375
12 0.57734375 0.671875 0.03125 0.0953125
12 0.6203125 0.73359375 0.0375 0.2015625
3 0.58359375 0.66484375 0.0234375 0.0296875
3 0.5796875 0.63984375 0.0203125 0.02578125
3 0.62734375 0.64375 0.01796875 0.0234375
3 0.66953125 0.5515625 0.0171875 0.02109375
3 0.65625 0.63984375 0.01953125 0.02734375
13 0.59921875 0.865625 0.02265625 0.02265625
13 0.63359375 0.83359375 0.01796875 0.02109375
11 0.66640625 0.62578125 0.021875 0.109375
13 0.6609375 0.69921875 0.01328125 0.02578125
13 0.58125 0.86328125 0.01640625 0.015625
13 0.646875 0.69453125 0.00859375 0.02109375
13 0.6109375 0.82109375 0.01796875 0.01640625
11 0.64921875 0.75390625 0.0390625 0.16484375