12 0.284375 0.6078125 0.0203125 0.159375
12 0.3859375 0.75859375 0.04140625 0.23515625
11 0.2859375 0.6171875 0.01953125 0.103125
11 0.3859375 0.76640625 0.03984375 0.17109375
12 0.4578125 0.74921875 0.02890625 0.2203125
11 0.4578125 0.75390625 0.02578125 0.165625
12 0.44296875 0.7109375 0.02578125 0.2109375
3 0.453125 0.6546875 0.021875 0.02421875
3 0.45078125 0.62265625 0.0203125 0.02578125
3 0.28125 0.5375 0.0171875 0.0203125
3 0.38984375 0.6515625 0.01953125 0.0265625
13 0.45703125 0.85 0.0203125 0.01953125
3 0.37109375 0.6421875 0.01796875 0.02421875
13 0.3734375 0.8609375 0.01015625 0.02578125
13 0.39296875 0.86328125 0.02421875 0.01953125
13 0.2859375 0.6734375 0.01640625 0.025