12 0.33125 0.59140625 0.03046875 0.1171875
12 0.34609375 0.71484375 0.0390625 0.21015625
11 0.33125 0.5921875 0.0296875 0.0625
12 0.37265625 0.7125 0.040625 0.19609375
11 0.34453125 0.72578125 0.03828125 0.15546875
12 0.4078125 0.73828125 0.046875 0.21796875
11 0.4140625 0.74765625 0.0390625 0.1734375
11 0.36875 0.7140625 0.0328125 0.12890625
12 0.43203125 0.71171875 0.04609375 0.22890625
3 0.4125 0.64453125 0.02265625 0.02890625
3 0.43125 0.61484375 0.0203125 0.025
3 0.36640625 0.625 0.01796875 0.02265625
3 0.32890625 0.5421875 0.01640625 0.0203125
3 0.3390625 0.6203125 0.01875 0.0265625
13 0.396875 0.83828125 0.021875 0.021875
13 0.3609375 0.8046875 0.0171875 0.0203125
13 0.4140625 0.8359375 0.015625 0.01484375
13 0.3859375 0.7953125 0.0171875 0.015625
11 0.43671875 0.7171875 0.03125 0.1578125
13 0.33984375 0.8125 0.015625 0.015625
13 0.44609375 0.80859375 0.0171875 0.03046875