12 0.56328125 0.74140625 0.04765625 0.23828125
11 0.5609375 0.7515625 0.04296875 0.1796875
12 0.6296875 0.865625 0.071875 0.259375
9 0.628125 0.85234375 0.0703125 0.2140625
12 0.64296875 0.671875 0.0390625 0.14765625
11 0.6453125 0.6921875 0.04453125 0.1015625
12 0.55703125 0.6296875 0.03125 0.0828125
12 0.61171875 0.6328125 0.0296875 0.20078125
12 0.6640625 0.59609375 0.03203125 0.10234375
3 0.56640625 0.640625 0.02421875 0.0265625
3 0.5609375 0.6046875 0.021875 0.02734375
3 0.61484375 0.53984375 0.0171875 0.021875
3 0.6578125 0.55390625 0.01796875 0.021875
11 0.66484375 0.6125 0.02890625 0.0734375
11 0.61171875 0.6328125 0.02578125 0.125
3 0.64609375 0.61328125 0.0203125 0.02890625
13 0.5765625 0.8328125 0.02109375 0.0421875
13 0.55859375 0.84765625 0.01640625 0.01875
7 0.6375 0.71484375 0.0234375 0.025
6 0.5984375 0.85859375 0.0125 0.0265625