12 0.65 0.6578125 0.02109375 0.1859375
12 0.61953125 0.7265625 0.04609375 0.21015625
12 0.57734375 0.76328125 0.04765625 0.2203125
11 0.57265625 0.76640625 0.03984375 0.17734375
11 0.61953125 0.74296875 0.04453125 0.1625
12 0.57109375 0.6640625 0.02734375 0.0859375
12 0.60546875 0.7 0.0296875 0.15390625
3 0.578125 0.6609375 0.0234375 0.0296875
3 0.5734375 0.6328125 0.0203125 0.02578125
3 0.6078125 0.63125 0.01640625 0.0203125
3 0.65390625 0.571875 0.0171875 0.0203125
3 0.62421875 0.63203125 0.01875 0.02734375
13 0.5921875 0.85859375 0.02265625 0.02265625
13 0.61875 0.828125 0.01953125 0.01796875
11 0.65078125 0.65546875 0.0203125 0.1265625
13 0.65 0.7328125 0.01640625 0.03203125