12 0.684375 0.7671875 0.0296875 0.23515625
12 0.6578125 0.7984375 0.046875 0.23515625
11 0.65625 0.809375 0.04375 0.18125
11 0.6859375 0.76796875 0.03046875 0.16328125
12 0.6375 0.7640625 0.03359375 0.2375
12 0.70390625 0.70234375 0.025 0.20078125
3 0.65546875 0.69453125 0.02421875 0.02734375
3 0.6375 0.66328125 0.021875 0.028125
3 0.709375 0.59609375 0.01796875 0.021875
3 0.70234375 0.61484375 0.01875 0.021875
11 0.70078125 0.703125 0.01953125 0.13125
3 0.6828125 0.6578125 0.0203125 0.0296875
13 0.6734375 0.89140625 0.02109375 0.0421875
13 0.653125 0.9046875 0.01640625 0.01875
13 0.6875 0.8765625 0.0171875 0.01875
11 0.6328125 0.77109375 0.0265625 0.1859375