12 0.353125 0.6515625 0.02265625 0.1953125
12 0.3921875 0.72734375 0.03359375 0.22890625
12 0.425 0.75859375 0.04140625 0.2234375
11 0.434375 0.7671875 0.04140625 0.18359375
11 0.39140625 0.740625 0.034375 0.17890625
12 0.4390625 0.66328125 0.02890625 0.09609375
12 0.41015625 0.65390625 0.025 0.084375
3 0.4296875 0.6609375 0.025 0.03125
3 0.43515625 0.62578125 0.021875 0.02734375
3 0.40859375 0.61875 0.0171875 0.021875
3 0.35 0.56171875 0.01796875 0.021875
3 0.3875 0.621875 0.0203125 0.02890625
13 0.41484375 0.8625 0.0234375 0.0234375
13 0.38671875 0.83046875 0.0203125 0.01875
11 0.35234375 0.65 0.021875 0.13359375
13 0.353125 0.73046875 0.0171875 0.03359375