3 0.421875 0.9765625 0.0375 0.046875
3 0.72578125 0.9859375 0.03515625 0.02734375
3 0.47265625 0.66015625 0.02421875 0.0265625
3 0.409375 0.6515625 0.021875 0.02734375
3 0.353125 0.60078125 0.02109375 0.02734375
3 0.3125 0.58984375 0.0171875 0.021875
3 0.29921875 0.603125 0.01875 0.02734375
3 0.23359375 0.5640625 0.015625 0.01875
11 0.2390625 0.6296875 0.02421875 0.09921875
11 0.29921875 0.70703125 0.01875 0.1390625
11 0.3203125 0.6734375 0.03515625 0.11875
11 0.39921875 0.75390625 0.0328125 0.1515625
11 0.4234375 0.7953125 0.03828125 0.1546875
11 0.4734375 0.7734375 0.04140625 0.165625
3 0.4125 0.6921875 0.02265625 0.04375
13 0.40390625 0.89296875 0.02421875 0.02421875
13 0.4265625 0.9109375 0.01484375 0.01796875
13 0.465625 0.87109375 0.01640625 0.02265625
13 0.38828125 0.875 0.015625 0.0234375
13 0.315625 0.75703125 0.0125 0.04375
13 0.33515625 0.75703125 0.01484375 0.0328125
13 0.24296875 0.70625 0.015625 0.03515625
9 0.35703125 0.69140625 0.03203125 0.1328125
12 0.2390625 0.6390625 0.02890625 0.175
12 0.2984375 0.69296875 0.0203125 0.2
12 0.325 0.67578125 0.0390625 0.19609375
12 0.3578125 0.68515625 0.03046875 0.1890625
12 0.40078125 0.76171875 0.03203125 0.24375
12 0.4171875 0.7953125 0.0421875 0.24609375
12 0.4734375 0.7625 0.040625 0.22265625
12 0.428125 0.978125 0.07421875 0.04375
12 0.71875 0.98515625 0.05703125 0.0296875