12 0.2765625 0.60234375 0.01953125 0.15390625
12 0.375 0.74765625 0.03984375 0.22734375
11 0.278125 0.6109375 0.01875 0.1
11 0.375 0.75546875 0.03828125 0.165625
12 0.44453125 0.7390625 0.028125 0.2125
11 0.44453125 0.74375 0.025 0.16015625
12 0.43046875 0.7015625 0.025 0.20390625
3 0.440625 0.646875 0.02109375 0.0234375
3 0.43828125 0.61640625 0.01953125 0.025
3 0.27421875 0.53359375 0.01640625 0.01953125
3 0.37890625 0.64453125 0.01875 0.02578125
13 0.44375 0.8359375 0.01953125 0.01875
3 0.3609375 0.63515625 0.01796875 0.0234375
13 0.36328125 0.846875 0.009375 0.02421875
13 0.38203125 0.84921875 0.0234375 0.01875
13 0.278125 0.665625 0.015625 0.02421875