13 0.61328125 0.79296875 0.015625 0.03203125
12 0.66640625 0.59453125 0.03046875 0.11640625
12 0.65234375 0.71796875 0.0390625 0.209375
11 0.66640625 0.59609375 0.0296875 0.0625
12 0.61953125 0.7125 0.0359375 0.19453125
11 0.653125 0.72890625 0.03828125 0.15546875
12 0.590625 0.7421875 0.04609375 0.2171875
11 0.5890625 0.75078125 0.03828125 0.17265625
11 0.61953125 0.709375 0.0328125 0.128125
12 0.56640625 0.715625 0.04609375 0.22734375
3 0.5859375 0.64765625 0.02265625 0.02890625
3 0.5640625 0.61796875 0.0203125 0.025
3 0.62109375 0.625 0.01796875 0.02265625
3 0.66875 0.54609375 0.01640625 0.0203125
3 0.65859375 0.62421875 0.01875 0.0265625
13 0.6015625 0.840625 0.021875 0.021875
13 0.63671875 0.8078125 0.0171875 0.0203125
13 0.584375 0.83828125 0.015625 0.01484375
11 0.565625 0.7125 0.025 0.16015625
13 0.6578125 0.81484375 0.015625 0.015625
13 0.55625 0.8125 0.009375 0.02890625