12 0.3 0.740625 0.0421875 0.22421875
11 0.2890625 0.596875 0.0203125 0.0640625
12 0.32890625 0.73515625 0.0390625 0.20859375
11 0.29921875 0.75234375 0.04140625 0.16640625
12 0.28828125 0.5828125 0.01875 0.0890625
12 0.36640625 0.76796875 0.04921875 0.2328125
11 0.36796875 0.77578125 0.04140625 0.18515625
11 0.33359375 0.74453125 0.03984375 0.15625
12 0.3765625 0.67109375 0.03203125 0.0984375
3 0.37265625 0.66640625 0.02421875 0.03125
3 0.375 0.6375 0.02109375 0.02734375
3 0.3375 0.640625 0.01875 0.02421875
3 0.2875 0.5453125 0.01796875 0.021875
3 0.28984375 0.64296875 0.01953125 0.02890625
13 0.35390625 0.87265625 0.0234375 0.0234375
13 0.31640625 0.8375 0.01875 0.021875
13 0.37265625 0.86953125 0.01640625 0.01640625
13 0.34296875 0.8265625 0.01875 0.01640625