12 0.284375 0.746875 0.0453125 0.2515625
11 0.28359375 0.75546875 0.0453125 0.1875
12 0.359375 0.728125 0.046875 0.24609375
12 0.309375 0.65234375 0.028125 0.18984375
12 0.2734375 0.58125 0.0328125 0.071875
12 0.25234375 0.65703125 0.0203125 0.2
12 0.215625 0.58359375 0.02890625 0.1546875
12 0.38984375 0.74453125 0.0453125 0.23984375
3 0.4015625 0.63515625 0.02421875 0.0265625
3 0.3609375 0.6140625 0.021875 0.02734375
3 0.30546875 0.56484375 0.02109375 0.02734375
3 0.26640625 0.5546875 0.0171875 0.021875
3 0.25234375 0.56875 0.01875 0.02734375
3 0.2109375 0.515625 0.0125 0.01796875
11 0.215625 0.57578125 0.025 0.09375
11 0.25234375 0.6703125 0.01875 0.1484375
11 0.271875 0.5984375 0.028125 0.0390625
11 0.39453125 0.7578125 0.0390625 0.17734375
3 0.27734375 0.63203125 0.0203125 0.02890625
13 0.29765625 0.859375 0.02421875 0.02109375
13 0.3890625 0.8515625 0.01640625 0.02265625
13 0.27578125 0.853125 0.0125 0.01953125
13 0.20859375 0.6421875 0.01171875 0.03515625
9 0.31171875 0.65859375 0.03203125 0.1328125
13 0.253125 0.74765625 0.01875 0.0171875
13 0.3046875 0.73125 0.02109375 0.0203125
13 0.225 0.63984375 0.00703125 0.034375
11 0.35859375 0.73125 0.04453125 0.1765625
13 0.3421875 0.840625 0.015625 0.025
13 0.36328125 0.82421875 0.0171875 0.03203125