13 0.3890625 0.7890625 0.015625 0.03125
12 0.33828125 0.590625 0.0296875 0.115625
12 0.35 0.7140625 0.0390625 0.2078125
11 0.3359375 0.5890625 0.0296875 0.06171875
12 0.38203125 0.70859375 0.0359375 0.19296875
11 0.34921875 0.725 0.03828125 0.15390625
12 0.41171875 0.7375 0.04609375 0.215625
11 0.4125 0.746875 0.03828125 0.17109375
11 0.38203125 0.70546875 0.0328125 0.12734375
12 0.43515625 0.71171875 0.04609375 0.22578125
3 0.415625 0.64453125 0.02265625 0.02890625
3 0.4390625 0.6125 0.01953125 0.025
3 0.3859375 0.621875 0.0171875 0.02265625
3 0.334375 0.54296875 0.01640625 0.01953125
3 0.34375 0.62109375 0.01875 0.0265625
13 0.4 0.8359375 0.021875 0.021875
13 0.36484375 0.803125 0.0171875 0.0203125
13 0.41796875 0.83359375 0.015625 0.01484375
11 0.4359375 0.70859375 0.025 0.15859375
13 0.34453125 0.81015625 0.015625 0.015625
13 0.4453125 0.8078125 0.009375 0.02890625