12 0.34453125 0.646875 0.02890625 0.18125
12 0.37734375 0.7140625 0.0359375 0.20625
12 0.41875 0.73984375 0.05703125 0.2359375
11 0.41796875 0.753125 0.03828125 0.17265625
11 0.37578125 0.72890625 0.0328125 0.15546875
12 0.41875 0.628125 0.025 0.03515625
12 0.39296875 0.68828125 0.0234375 0.1515625
3 0.41640625 0.64921875 0.02265625 0.02890625
3 0.4203125 0.62578125 0.0203125 0.025
3 0.39296875 0.6234375 0.01640625 0.0203125
3 0.34375 0.5625 0.01640625 0.0203125
3 0.3703125 0.621875 0.01875 0.0265625
13 0.39921875 0.84296875 0.021875 0.021875
13 0.3734375 0.8109375 0.01875 0.0171875
11 0.34375 0.6421875 0.0328125 0.115625
13 0.3390625 0.7171875 0.0125 0.0359375