12 0.71171875 0.62890625 0.0265625 0.15
12 0.7265625 0.79453125 0.053125 0.25390625
12 0.865625 0.89609375 0.05390625 0.2078125
9 0.8640625 0.91875 0.046875 0.1625
11 0.7265625 0.8015625 0.04140625 0.18828125
12 0.696875 0.759375 0.0453125 0.21484375
12 0.74375 0.64140625 0.021875 0.16171875
11 0.69296875 0.76015625 0.03984375 0.140625
11 0.746875 0.63359375 0.02578125 0.10859375
12 0.56015625 0.775 0.0296875 0.221875
11 0.55859375 0.7703125 0.02578125 0.15859375
3 0.5609375 0.67109375 0.021875 0.02421875
3 0.55859375 0.64375 0.0203125 0.02578125
3 0.7515625 0.56171875 0.01484375 0.01953125
3 0.740625 0.68125 0.0234375 0.02734375
13 0.5671875 0.8734375 0.02265625 0.025
3 0.6890625 0.6671875 0.02265625 0.02421875
13 0.7359375 0.90078125 0.01875 0.02578125
13 0.7015625 0.90546875 0.021875 0.03203125
13 0.68515625 0.84765625 0.01484375 0.0390625
3 0.71328125 0.56015625 0.0171875 0.02109375
7 0.87265625 0.80546875 0.0234375 0.0296875
9 0.7109375 0.6234375 0.0234375 0.08515625
13 0.71171875 0.840625 0.0203125 0.0390625