12 0.609375 0.7734375 0.05390625 0.23984375
11 0.615625 0.7875 0.04453125 0.1828125
12 0.590625 0.74375 0.040625 0.228125
12 0.6421875 0.67578125 0.02734375 0.1859375
12 0.675 0.665625 0.03515625 0.18984375
12 0.6984375 0.68203125 0.01953125 0.1953125
12 0.74609375 0.6171875 0.028125 0.1515625
12 0.540625 0.7625 0.03984375 0.21796875
3 0.54453125 0.66015625 0.0234375 0.0265625
3 0.59140625 0.63828125 0.02109375 0.0265625
3 0.6421875 0.590625 0.02109375 0.0265625
3 0.68359375 0.58046875 0.0171875 0.02109375
3 0.69765625 0.59453125 0.01796875 0.0265625
3 0.74453125 0.54296875 0.0125 0.0171875
11 0.74765625 0.61328125 0.03125 0.10078125
11 0.69765625 0.6921875 0.01796875 0.1421875
11 0.67734375 0.66328125 0.034375 0.11640625
11 0.54140625 0.771875 0.0328125 0.16328125
3 0.615625 0.66875 0.01953125 0.02890625
13 0.59296875 0.88359375 0.0234375 0.0234375
13 0.53515625 0.85703125 0.015625 0.02265625
13 0.61484375 0.88515625 0.00859375 0.0171875
13 0.68125 0.74453125 0.01171875 0.04296875
13 0.6625 0.74453125 0.0140625 0.03203125
13 0.74296875 0.678125 0.01171875 0.034375
9 0.64140625 0.6796875 0.03125 0.1296875
13 0.6984375 0.771875 0.01875 0.0171875
13 0.646875 0.753125 0.0203125 0.01953125
13 0.753125 0.66484375 0.00703125 0.03359375
11 0.58984375 0.74609375 0.03984375 0.1609375