12 0.3265625 0.7171875 0.03203125 0.221875
11 0.328125 0.72578125 0.02578125 0.15703125
12 0.39609375 0.7046875 0.01796875 0.2078125
12 0.36875 0.64609375 0.02890625 0.175
12 0.3328125 0.62734375 0.02578125 0.1515625
12 0.31484375 0.65078125 0.01875 0.18359375
12 0.26484375 0.575 0.025 0.1390625
12 0.41171875 0.7390625 0.03046875 0.221875
3 0.4109375 0.6390625 0.021875 0.025
3 0.39609375 0.6140625 0.0203125 0.025
3 0.36640625 0.56875 0.01875 0.01953125
3 0.3359375 0.553125 0.01640625 0.0203125
3 0.31484375 0.57265625 0.01640625 0.025
3 0.259375 0.51640625 0.01015625 0.01796875
11 0.26640625 0.5703125 0.01796875 0.08671875
11 0.31328125 0.6625 0.0171875 0.13671875
11 0.33515625 0.63046875 0.021875 0.109375
11 0.4171875 0.7453125 0.03125 0.17109375
3 0.32890625 0.615625 0.01875 0.0265625
13 0.32578125 0.8171875 0.01171875 0.0328125
13 0.40546875 0.840625 0.01875 0.0203125
13 0.2640625 0.628125 0.01484375 0.0296875
9 0.36953125 0.64921875 0.0296875 0.12421875
11 0.39296875 0.71640625 0.021875 0.153125
13 0.39609375 0.80078125 0.01484375 0.0171875