12 0.78125 0.87578125 0.05546875 0.24765625
9 0.78359375 0.88203125 0.04375 0.1859375
12 0.67890625 0.959375 0.06171875 0.08125
12 0.69609375 0.61171875 0.02109375 0.165625
12 0.6296875 0.76328125 0.04296875 0.2484375
11 0.696875 0.61171875 0.02265625 0.109375
11 0.63046875 0.77578125 0.0390625 0.19375
12 0.54296875 0.75390625 0.03828125 0.22890625
11 0.5390625 0.7625 0.028125 0.17265625
12 0.55859375 0.7171875 0.025 0.21953125
3 0.540625 0.65 0.02265625 0.025
3 0.546875 0.62578125 0.02109375 0.0265625
3 0.69609375 0.53515625 0.01796875 0.02109375
3 0.62265625 0.64296875 0.015625 0.0234375
13 0.553125 0.85859375 0.02109375 0.0203125
13 0.53828125 0.8578125 0.015625 0.01484375
13 0.69375 0.68125 0.01171875 0.0234375
7 0.79609375 0.7640625 0.02109375 0.03203125
7 0.6953125 0.93984375 0.03203125 0.03359375
3 0.61796875 0.659375 0.01875 0.025
10 0.78671875 0.9875 0.02421875 0.025
10 0.76796875 0.99296875 0.021875 0.01328125
9 0.67734375 0.98515625 0.053125 0.02890625
13 0.63515625 0.87578125 0.01015625 0.0265625
13 0.6171875 0.88046875 0.01953125 0.021875