12 0.10625 0.7296875 0.05390625 0.1890625
12 0.2859375 0.603125 0.01953125 0.15390625
12 0.3640625 0.74375 0.0578125 0.2296875
11 0.28828125 0.60390625 0.02109375 0.1015625
11 0.3625 0.753125 0.05703125 0.17734375
12 0.44453125 0.7390625 0.028125 0.2125
11 0.44453125 0.74375 0.025 0.16015625
12 0.43046875 0.7015625 0.025 0.20390625
3 0.440625 0.646875 0.02109375 0.0234375
3 0.43828125 0.61640625 0.01953125 0.025
3 0.28515625 0.534375 0.01640625 0.01953125
3 0.36484375 0.6328125 0.015625 0.02265625
13 0.44375 0.8359375 0.01953125 0.01875
13 0.29375 0.66640625 0.0109375 0.021875
3 0.3609375 0.64453125 0.01796875 0.0234375
13 0.35703125 0.84453125 0.009375 0.02421875
13 0.38203125 0.84921875 0.0234375 0.01875
3 0.0921875 0.64765625 0.0171875 0.025
11 0.10546875 0.72265625 0.034375 0.1078125
13 0.12421875 0.79921875 0.015625 0.040625
13 0.109375 0.80390625 0.01171875 0.040625
13 0.278125 0.665625 0.015625 0.02421875