12 0.62265625 0.7859375 0.04296875 0.2296875
11 0.63671875 0.63828125 0.02109375 0.065625
12 0.59296875 0.7796875 0.03984375 0.21328125
11 0.62421875 0.79765625 0.0421875 0.1703125
12 0.63515625 0.62421875 0.01875 0.09140625
12 0.5546875 0.81328125 0.05078125 0.23828125
11 0.553125 0.821875 0.0421875 0.18984375
11 0.58828125 0.78984375 0.040625 0.16015625
12 0.5375 0.7375 0.046875 0.1578125
3 0.5484375 0.709375 0.025 0.03125
3 0.54609375 0.68046875 0.021875 0.02734375
3 0.584375 0.68359375 0.01953125 0.025
3 0.6359375 0.5859375 0.01796875 0.021875
3 0.63359375 0.68515625 0.0203125 0.0296875
13 0.5671875 0.9203125 0.02421875 0.02421875
13 0.60625 0.884375 0.01875 0.021875
13 0.5484375 0.9171875 0.0171875 0.01640625
13 0.57890625 0.86796875 0.01953125 0.02734375
11 0.528125 0.765625 0.02578125 0.14765625