12 0.80078125 0.71484375 0.040625 0.19609375
12 0.7328125 0.71484375 0.034375 0.18671875
12 0.63125 0.7453125 0.04609375 0.23671875
11 0.6328125 0.75078125 0.04765625 0.16953125
12 0.7265625 0.596875 0.01875 0.14453125
12 0.678125 0.725 0.0375 0.2015625
11 0.7234375 0.5984375 0.0203125 0.0890625
11 0.6734375 0.72734375 0.025 0.13359375
12 0.5625 0.7453125 0.028125 0.2140625
11 0.559375 0.74140625 0.02421875 0.14609375
3 0.56328125 0.64453125 0.02109375 0.0234375
3 0.5609375 0.6171875 0.0203125 0.025
3 0.7296875 0.53515625 0.01640625 0.0203125
3 0.6265625 0.64140625 0.01875 0.02890625
13 0.56953125 0.83984375 0.021875 0.02421875
3 0.67265625 0.63359375 0.021875 0.0234375
13 0.66640625 0.80546875 0.01640625 0.0328125
13 0.6875 0.8109375 0.02109375 0.03984375
3 0.80703125 0.62421875 0.01640625 0.025
11 0.7328125 0.703125 0.03359375 0.1125
13 0.71953125 0.78671875 0.01015625 0.04765625
13 0.7390625 0.7859375 0.0109375 0.04609375
3 0.73671875 0.63125 0.01640625 0.025
13 0.8046875 0.7890625 0.0140625 0.04453125
13 0.6359375 0.84375 0.0109375 0.0265625
13 0.6203125 0.8515625 0.01796875 0.02109375
11 0.803125 0.71015625 0.0359375 0.1203125
13 0.7859375 0.7890625 0.01015625 0.0375