12 0.65390625 0.6453125 0.0296875 0.18203125
12 0.62109375 0.71328125 0.0359375 0.20703125
12 0.584375 0.74453125 0.046875 0.21796875
11 0.5796875 0.7515625 0.0390625 0.1734375
11 0.621875 0.728125 0.0328125 0.15625
12 0.5796875 0.6265625 0.025 0.0359375
12 0.60546875 0.68671875 0.0234375 0.15234375
3 0.58203125 0.64765625 0.02265625 0.02890625
3 0.578125 0.62421875 0.0203125 0.025
3 0.60546875 0.621875 0.01640625 0.0203125
3 0.66015625 0.55078125 0.01640625 0.0203125
3 0.628125 0.6203125 0.01875 0.0265625
13 0.5984375 0.8421875 0.021875 0.021875
13 0.625 0.81015625 0.01875 0.0171875
11 0.65859375 0.63515625 0.034375 0.12578125
13 0.659375 0.71640625 0.0125 0.03671875
13 0.58125 0.83984375 0.015625 0.01484375