12 0.34140625 0.734375 0.04140625 0.228125
11 0.340625 0.7421875 0.04140625 0.1703125
12 0.409375 0.7171875 0.04296875 0.2234375
12 0.3640625 0.6484375 0.025 0.17265625
12 0.33125 0.58359375 0.0296875 0.065625
12 0.3125 0.653125 0.01875 0.18125
12 0.27890625 0.5859375 0.0265625 0.140625
12 0.4375 0.7328125 0.04140625 0.21796875
3 0.44765625 0.6328125 0.021875 0.02421875
3 0.41171875 0.6140625 0.01953125 0.025
3 0.3609375 0.56953125 0.01953125 0.02421875
3 0.325 0.56015625 0.015625 0.01953125
3 0.3125 0.57265625 0.01640625 0.025
3 0.275 0.52421875 0.01171875 0.015625
11 0.27890625 0.57890625 0.02265625 0.08515625
11 0.3125 0.66484375 0.0171875 0.13515625
11 0.33046875 0.6 0.025 0.03515625
11 0.44140625 0.74453125 0.03515625 0.1609375
3 0.334375 0.6296875 0.01875 0.0265625
13 0.353125 0.83671875 0.021875 0.01953125
13 0.43671875 0.8296875 0.01484375 0.02109375
13 0.33359375 0.83125 0.01171875 0.01796875
13 0.27265625 0.63984375 0.0109375 0.03203125
9 0.36640625 0.6546875 0.0296875 0.1203125
13 0.31328125 0.73515625 0.0171875 0.015625
13 0.359375 0.7203125 0.01875 0.01796875
13 0.2875 0.6375 0.00703125 0.03125
11 0.409375 0.7203125 0.03984375 0.16015625
13 0.39375 0.8203125 0.0140625 0.02265625
13 0.41328125 0.8046875 0.015625 0.02890625