12 0.14296875 0.84609375 0.05859375 0.23671875
9 0.13984375 0.84921875 0.0328125 0.18203125
12 0.16796875 0.94296875 0.0484375 0.1140625
12 0.29921875 0.60390625 0.01953125 0.15390625
12 0.36171875 0.74453125 0.03984375 0.23046875
11 0.29921875 0.60390625 0.02109375 0.1015625
11 0.36328125 0.75625 0.040625 0.18046875
12 0.4421875 0.7359375 0.0359375 0.2125
11 0.44609375 0.74375 0.0265625 0.16015625
12 0.42734375 0.7015625 0.0234375 0.20390625
3 0.44453125 0.6390625 0.02109375 0.0234375
3 0.43828125 0.61640625 0.01953125 0.025
3 0.2984375 0.5328125 0.01640625 0.01953125
3 0.3609375 0.62890625 0.01484375 0.02109375
13 0.4328125 0.8328125 0.01953125 0.01875
13 0.44609375 0.83203125 0.01484375 0.0140625
13 0.3015625 0.66875 0.0109375 0.021875
7 0.128125 0.7359375 0.0203125 0.03046875
7 0.159375 0.89609375 0.02421875 0.0296875
3 0.36796875 0.64609375 0.01796875 0.0234375
10 0.1375 0.94453125 0.02265625 0.02421875
9 0.1734375 0.96484375 0.03515625 0.06640625
13 0.35625 0.84921875 0.009375 0.02421875
13 0.3734375 0.85390625 0.01796875 0.0203125