3 0.42578125 0.91484375 0.034375 0.04609375
3 0.7015625 0.93125 0.03125 0.0453125
3 0.4703125 0.625 0.021875 0.02421875
3 0.4125 0.61640625 0.01953125 0.025
3 0.36171875 0.5703125 0.01953125 0.02421875
3 0.325 0.56015625 0.015625 0.01953125
3 0.3125 0.57265625 0.01640625 0.025
3 0.253125 0.5375 0.0140625 0.0171875
11 0.2578125 0.596875 0.021875 0.090625
11 0.3125 0.6671875 0.01640625 0.1265625
11 0.33125 0.63671875 0.03203125 0.1078125
11 0.40390625 0.709375 0.0296875 0.1375
11 0.42578125 0.746875 0.034375 0.13984375
11 0.47109375 0.72734375 0.0375 0.15078125
3 0.415625 0.65390625 0.0203125 0.03984375
11 0.43046875 0.9765625 0.06875 0.046875
11 0.69609375 0.9796875 0.0515625 0.040625
13 0.4078125 0.8359375 0.021875 0.021875
13 0.42890625 0.85234375 0.01328125 0.01640625
13 0.4640625 0.81640625 0.01484375 0.02109375
13 0.39296875 0.81953125 0.0140625 0.02109375
13 0.32734375 0.7125 0.0109375 0.03984375
13 0.3453125 0.7125 0.01328125 0.0296875
13 0.2609375 0.66640625 0.01484375 0.03203125
9 0.365625 0.653125 0.0296875 0.1203125
12 0.2578125 0.60546875 0.0265625 0.15859375
12 0.31171875 0.6546875 0.01875 0.18125
12 0.3359375 0.6390625 0.03515625 0.178125
12 0.365625 0.64765625 0.02734375 0.171875
12 0.4046875 0.7171875 0.0296875 0.221875
12 0.4203125 0.746875 0.03828125 0.2234375
12 0.47109375 0.71796875 0.0375 0.20234375
12 0.42890625 0.94609375 0.0671875 0.1078125
12 0.6953125 0.953125 0.05234375 0.09296875