13 0.60703125 0.82578125 0.01640625 0.0328125
12 0.659375 0.6171875 0.03125 0.121875
12 0.64765625 0.74765625 0.040625 0.21875
11 0.6625 0.615625 0.03125 0.065625
12 0.6140625 0.7421875 0.0375 0.203125
11 0.6484375 0.759375 0.03984375 0.16171875
12 0.5828125 0.77265625 0.0484375 0.2265625
11 0.58125 0.78203125 0.03984375 0.18046875
11 0.6140625 0.73828125 0.034375 0.13359375
12 0.55859375 0.74453125 0.0484375 0.2375
3 0.578125 0.67421875 0.02421875 0.03046875
3 0.55390625 0.640625 0.02109375 0.0265625
3 0.609375 0.65 0.01875 0.0234375
3 0.6640625 0.5671875 0.0171875 0.02109375
3 0.65390625 0.64921875 0.01953125 0.028125
13 0.59453125 0.87578125 0.02265625 0.02265625
13 0.63125 0.84140625 0.01796875 0.02109375
13 0.5765625 0.8734375 0.01640625 0.015625
11 0.55703125 0.7421875 0.02578125 0.1671875
13 0.65390625 0.84921875 0.01640625 0.01640625
13 0.54765625 0.84609375 0.01015625 0.03046875