12 0.29140625 0.60234375 0.02578125 0.14375
12 0.2765625 0.7609375 0.05078125 0.24296875
12 0.14375 0.8796875 0.05234375 0.2375
9 0.146875 0.88359375 0.04375 0.15859375
11 0.27734375 0.76796875 0.03984375 0.18046875
12 0.30546875 0.728125 0.04296875 0.20546875
12 0.2609375 0.6140625 0.02109375 0.1546875
11 0.309375 0.72890625 0.03828125 0.134375
11 0.25703125 0.60703125 0.02421875 0.1046875
12 0.43671875 0.74296875 0.028125 0.2125
11 0.43828125 0.73828125 0.02421875 0.15234375
3 0.4359375 0.64296875 0.02109375 0.0234375
3 0.43828125 0.61640625 0.01953125 0.025
3 0.253125 0.53828125 0.01484375 0.01875
3 0.2640625 0.65234375 0.02265625 0.02578125
13 0.43046875 0.83671875 0.021875 0.02421875
3 0.31328125 0.6390625 0.02109375 0.02265625
13 0.26796875 0.86328125 0.01796875 0.02421875
13 0.30078125 0.8671875 0.02109375 0.03125
13 0.31640625 0.8125 0.0140625 0.0375
3 0.28984375 0.53671875 0.01640625 0.0203125
7 0.1375 0.771875 0.02265625 0.028125
9 0.2921875 0.596875 0.02265625 0.08125
13 0.29140625 0.80546875 0.01953125 0.0375