12 0.76015625 0.6328125 0.0265625 0.1609375
12 0.853125 0.74609375 0.040625 0.20625
12 0.821875 0.7640625 0.0609375 0.20078125
12 0.6640625 0.778125 0.03359375 0.23984375
11 0.66171875 0.78671875 0.02890625 0.1765625
12 0.7171875 0.7546875 0.05 0.2109375
11 0.759375 0.63515625 0.02421875 0.10859375
12 0.57890625 0.76796875 0.02890625 0.22109375
11 0.57734375 0.76328125 0.025 0.15859375
3 0.58046875 0.6640625 0.021875 0.02421875
3 0.578125 0.6359375 0.0203125 0.02578125
3 0.7640625 0.5609375 0.01484375 0.01953125
3 0.66953125 0.66953125 0.0234375 0.02734375
13 0.5859375 0.86484375 0.02265625 0.025
3 0.70703125 0.6609375 0.02265625 0.0234375
13 0.6875 0.83203125 0.0171875 0.03359375
13 0.73125 0.834375 0.02109375 0.0390625
3 0.85859375 0.65703125 0.0171875 0.02578125
11 0.81484375 0.76328125 0.0359375 0.1203125
13 0.8 0.840625 0.0171875 0.04609375
3 0.825 0.675 0.0171875 0.02578125
13 0.86171875 0.82734375 0.02421875 0.0453125
13 0.65859375 0.884375 0.0203125 0.0234375
11 0.846875 0.746875 0.028125 0.12421875
13 0.83828125 0.83671875 0.0265625 0.0484375
11 0.7109375 0.7515625 0.03515625 0.14140625
13 0.70390625 0.83984375 0.01484375 0.0390625