12 0.73203125 0.68203125 0.03359375 0.1828125
12 0.62734375 0.715625 0.0359375 0.2140625
11 0.62734375 0.753125 0.02421875 0.06953125
12 0.71796875 0.5875 0.0203125 0.16171875
12 0.6546875 0.725 0.03359375 0.23515625
11 0.71796875 0.5953125 0.02109375 0.11796875
11 0.64609375 0.73125 0.03515625 0.18046875
12 0.5421875 0.73203125 0.0296875 0.22421875
11 0.540625 0.73828125 0.02578125 0.153125
12 0.55625 0.69296875 0.02578125 0.21484375
3 0.5453125 0.63515625 0.021875 0.025
3 0.54921875 0.603125 0.02109375 0.0265625
3 0.71953125 0.51796875 0.0171875 0.02109375
3 0.64140625 0.62265625 0.00859375 0.01875
13 0.54296875 0.834375 0.0203125 0.01953125
3 0.653125 0.61484375 0.02265625 0.02421875
13 0.63359375 0.82890625 0.01640625 0.02578125
13 0.71640625 0.65390625 0.01640625 0.02578125
13 0.65703125 0.828125 0.0140625 0.0234375
3 0.73515625 0.57734375 0.0171875 0.02578125
11 0.734375 0.6640625 0.03125 0.13203125
13 0.721875 0.74921875 0.01015625 0.04375
13 0.73671875 0.74921875 0.01015625 0.04375
3 0.73515625 0.6 0.0171875 0.02578125