12 0.33515625 0.7 0.04375 0.23125
12 0.36875 0.7296875 0.0453125 0.22890625
11 0.3703125 0.73984375 0.0421875 0.17578125
12 0.21171875 0.646875 0.03203125 0.1921875
9 0.21328125 0.65 0.02890625 0.146875
11 0.33828125 0.7046875 0.03203125 0.1578125
12 0.38515625 0.62890625 0.034375 0.0859375
12 0.325 0.6359375 0.02109375 0.1953125
3 0.36796875 0.6296875 0.0234375 0.0265625
3 0.38203125 0.59921875 0.02109375 0.02734375
3 0.31640625 0.53203125 0.0171875 0.02109375
3 0.32265625 0.55078125 0.01796875 0.021875
11 0.3265625 0.63671875 0.01875 0.12734375
3 0.35078125 0.59609375 0.01953125 0.02890625
13 0.353125 0.81953125 0.0203125 0.04140625
13 0.3734375 0.8328125 0.01640625 0.01875
7 0.20390625 0.56328125 0.01171875 0.0234375
13 0.33984375 0.80546875 0.0171875 0.01875
13 0.321875 0.7953125 0.0140625 0.03359375