12 0.68828125 0.6109375 0.0328125 0.171875
12 0.65546875 0.71484375 0.03125 0.21796875
12 0.6140625 0.7484375 0.0484375 0.228125
11 0.61328125 0.75625 0.040625 0.18125
11 0.653125 0.73125 0.034375 0.16328125
12 0.60859375 0.62734375 0.028125 0.04375
12 0.63984375 0.71953125 0.0234375 0.209375
3 0.61171875 0.64765625 0.02421875 0.03046875
3 0.60703125 0.62265625 0.02109375 0.0265625
3 0.6453125 0.6265625 0.01015625 0.02265625
3 0.68984375 0.5359375 0.0171875 0.02109375
3 0.659375 0.61953125 0.01953125 0.028125
13 0.62890625 0.85078125 0.02265625 0.0234375
13 0.65625 0.8171875 0.01953125 0.01796875
11 0.6875 0.6125 0.03359375 0.1109375
13 0.690625 0.68203125 0.01328125 0.02578125
13 0.6109375 0.8484375 0.01640625 0.015625
13 0.6765625 0.67734375 0.00859375 0.021875