12 0.37109375 0.71015625 0.02578125 0.21875
12 0.40703125 0.7390625 0.0390625 0.20859375
11 0.4125 0.746875 0.03046875 0.1734375
11 0.375 0.72265625 0.03359375 0.16015625
12 0.421875 0.6484375 0.0265625 0.08984375
12 0.33203125 0.64921875 0.03671875 0.1796875
3 0.4125 0.6390625 0.021875 0.025
3 0.41796875 0.615625 0.0203125 0.025
3 0.3390625 0.5734375 0.01640625 0.0203125
3 0.3375 0.55546875 0.01640625 0.0203125
11 0.33125 0.65390625 0.03671875 0.12109375
3 0.371875 0.61171875 0.01875 0.0265625
13 0.3984375 0.83515625 0.021875 0.021875
13 0.371875 0.80625 0.01875 0.0171875