12 0.32890625 0.6421875 0.02109375 0.1859375
12 0.36640625 0.7140625 0.03203125 0.21796875
12 0.396875 0.74375 0.03984375 0.21328125
11 0.40625 0.75234375 0.0390625 0.17421875
11 0.36484375 0.72734375 0.03203125 0.1703125
12 0.4109375 0.653125 0.02734375 0.09140625
12 0.3828125 0.64453125 0.0234375 0.08046875
3 0.4015625 0.6515625 0.0234375 0.0296875
3 0.40703125 0.61796875 0.0203125 0.02578125
3 0.38203125 0.6109375 0.01640625 0.0203125
3 0.32578125 0.55625 0.0171875 0.0203125
3 0.36171875 0.6140625 0.01875 0.02734375
13 0.3875 0.84296875 0.02265625 0.02265625
13 0.36015625 0.8125 0.01953125 0.01796875
11 0.328125 0.640625 0.0203125 0.1265625
13 0.3296875 0.7171875 0.01640625 0.03203125