12 0.26796875 0.6890625 0.0328125 0.17734375
12 0.3703125 0.721875 0.03515625 0.2078125
11 0.36953125 0.75859375 0.0234375 0.0671875
12 0.28125 0.59765625 0.01953125 0.15703125
12 0.34375 0.73125 0.03203125 0.228125
11 0.28125 0.60546875 0.0203125 0.1140625
11 0.3515625 0.73671875 0.034375 0.175
12 0.453125 0.7375 0.02890625 0.2171875
11 0.4546875 0.74375 0.025 0.1484375
12 0.4390625 0.7 0.02578125 0.20859375
3 0.45 0.64375 0.021875 0.02421875
3 0.44609375 0.6125 0.0203125 0.02578125
3 0.28046875 0.53046875 0.0171875 0.0203125
3 0.35625 0.63125 0.0078125 0.01796875
13 0.45234375 0.83671875 0.0203125 0.01875
3 0.34453125 0.62421875 0.021875 0.0234375
13 0.36328125 0.83203125 0.015625 0.025
13 0.2828125 0.6625 0.01640625 0.025
13 0.34140625 0.83125 0.01328125 0.02265625
3 0.26484375 0.5875 0.0171875 0.025
11 0.265625 0.671875 0.03046875 0.128125
13 0.278125 0.7546875 0.01015625 0.0421875
13 0.26328125 0.7546875 0.01015625 0.0421875
3 0.26484375 0.61015625 0.0171875 0.025