12 0.2578125 0.66171875 0.03125 0.1640625
12 0.36875 0.72890625 0.03125 0.209375
11 0.371875 0.7265625 0.02578125 0.13671875
12 0.2765625 0.60234375 0.01953125 0.15390625
12 0.34765625 0.73203125 0.0390625 0.22265625
11 0.278125 0.6109375 0.01875 0.1
11 0.3453125 0.73828125 0.03359375 0.17109375
12 0.44453125 0.7390625 0.028125 0.2125
11 0.44375 0.7453125 0.025 0.16015625
12 0.43046875 0.7015625 0.025 0.20390625
3 0.44140625 0.646875 0.02109375 0.0234375
3 0.43828125 0.61640625 0.01953125 0.025
3 0.27421875 0.53359375 0.01640625 0.01953125
3 0.3625 0.6359375 0.01484375 0.02109375
13 0.44375 0.8359375 0.01953125 0.01875
3 0.346875 0.6359375 0.02109375 0.02265625
13 0.35703125 0.83125 0.015625 0.02421875
13 0.278125 0.665625 0.015625 0.02421875
13 0.33515625 0.83046875 0.01328125 0.021875
3 0.25625 0.5953125 0.01328125 0.021875
11 0.25859375 0.6578125 0.03125 0.0921875
13 0.2609375 0.72421875 0.009375 0.03671875