12 0.78984375 0.76484375 0.03359375 0.21171875
12 0.73125 0.7703125 0.0375 0.2015625
12 0.61484375 0.8015625 0.04921875 0.259375
11 0.61484375 0.81015625 0.04765625 0.1890625
12 0.7234375 0.64296875 0.0203125 0.15546875
12 0.671875 0.78046875 0.040625 0.2171875
11 0.72109375 0.64453125 0.021875 0.09609375
11 0.6640625 0.77890625 0.02578125 0.1546875
12 0.546875 0.80234375 0.03046875 0.23125
11 0.5453125 0.80546875 0.02890625 0.17890625
3 0.54765625 0.69375 0.02265625 0.02578125
3 0.5453125 0.66484375 0.021875 0.02734375
3 0.72734375 0.5765625 0.01796875 0.021875
3 0.60234375 0.70078125 0.0203125 0.03046875
13 0.55390625 0.9046875 0.02421875 0.0265625
3 0.665625 0.68203125 0.0234375 0.025
13 0.659375 0.8671875 0.01796875 0.03515625
13 0.68203125 0.8734375 0.02265625 0.04296875
3 0.79609375 0.67421875 0.01796875 0.0265625
11 0.73046875 0.75703125 0.03671875 0.12109375
13 0.71796875 0.84765625 0.0109375 0.0515625
13 0.7375 0.846875 0.01171875 0.05
3 0.73828125 0.6796875 0.01796875 0.0265625
13 0.7875 0.8453125 0.01015625 0.04765625
13 0.6265625 0.909375 0.01171875 0.028125
13 0.609375 0.9171875 0.01953125 0.02265625
11 0.78828125 0.75859375 0.03125 0.12890625