12 0.384375 0.71953125 0.02734375 0.21796875
12 0.41953125 0.746875 0.0390625 0.2125
11 0.4234375 0.75234375 0.03125 0.1765625
11 0.3796875 0.72890625 0.0203125 0.1671875
12 0.43125 0.65234375 0.02734375 0.09140625
12 0.3640625 0.659375 0.028125 0.18671875
3 0.4234375 0.64921875 0.02265625 0.025
3 0.4265625 0.62109375 0.0203125 0.02578125
3 0.34765625 0.56328125 0.01640625 0.0203125
3 0.35234375 0.57421875 0.0171875 0.0203125
11 0.3515625 0.6515625 0.03046875 0.1234375
3 0.38046875 0.61796875 0.01875 0.02734375
13 0.41171875 0.853125 0.01484375 0.02421875
13 0.41328125 0.846875 0.015625 0.0171875
13 0.38359375 0.81875 0.01640625 0.01796875