12 0.64921875 0.7359375 0.028125 0.2375
12 0.609375 0.76640625 0.0421875 0.2265625
11 0.6046875 0.775 0.0328125 0.1890625
11 0.64921875 0.74609375 0.028125 0.18046875
12 0.59453125 0.66796875 0.02890625 0.09765625
12 0.69296875 0.67265625 0.04609375 0.196875
3 0.60390625 0.6640625 0.02421875 0.0265625
3 0.59765625 0.6328125 0.021875 0.02734375
3 0.69765625 0.584375 0.0171875 0.021875
3 0.6859375 0.5671875 0.01796875 0.021875
11 0.69453125 0.6734375 0.03984375 0.13125
3 0.6515625 0.628125 0.0203125 0.02890625
13 0.61953125 0.87109375 0.0234375 0.02421875
13 0.64296875 0.8453125 0.0203125 0.01875