12 0.715625 0.7828125 0.0515625 0.23984375
11 0.7171875 0.79296875 0.0484375 0.17421875
12 0.6359375 0.69453125 0.03125 0.0828125
12 0.6890625 0.69375 0.02578125 0.1921875
12 0.7375 0.6609375 0.01640625 0.10234375
12 0.78828125 0.6578125 0.02421875 0.15
12 0.8078125 0.646875 0.01953125 0.15390625
12 0.6421875 0.80625 0.04765625 0.23828125
3 0.6421875 0.70078125 0.02421875 0.0265625
3 0.63828125 0.66875 0.021875 0.02734375
3 0.68828125 0.60703125 0.0171875 0.021875
3 0.734375 0.61953125 0.01796875 0.021875
3 0.81484375 0.578125 0.01171875 0.01953125
11 0.80859375 0.6390625 0.01875 0.09765625
11 0.74140625 0.659375 0.025 0.02890625
11 0.68671875 0.69765625 0.0265625 0.12734375
3 0.72578125 0.67734375 0.0203125 0.02890625
13 0.721875 0.88984375 0.0125 0.0265625
13 0.65703125 0.90546875 0.0203125 0.021875
13 0.803125 0.70078125 0.0109375 0.03125
11 0.63984375 0.815625 0.04296875 0.1796875
13 0.63671875 0.9171875 0.01640625 0.01875
3 0.79375 0.5953125 0.015625 0.01875
9 0.7890625 0.66171875 0.0203125 0.1078125
13 0.69609375 0.89453125 0.0171875 0.0203125