12 0.37421875 0.7171875 0.0265625 0.21328125
12 0.3984375 0.7453125 0.0421875 0.21328125
11 0.40078125 0.7546875 0.03984375 0.1640625
11 0.3734375 0.71796875 0.02734375 0.14765625
12 0.4171875 0.7140625 0.03046875 0.21484375
12 0.35703125 0.65859375 0.02265625 0.1828125
3 0.40078125 0.6515625 0.021875 0.02421875
3 0.4171875 0.6234375 0.0203125 0.025
3 0.3515625 0.5625 0.01640625 0.0203125
3 0.35859375 0.57890625 0.01640625 0.0203125
11 0.359375 0.65859375 0.01796875 0.11875
3 0.37578125 0.61796875 0.01875 0.0265625
13 0.384375 0.8296875 0.01953125 0.03828125
13 0.403125 0.8421875 0.01484375 0.0171875
13 0.371875 0.81640625 0.015625 0.0171875
11 0.42109375 0.72109375 0.02421875 0.16875