12 0.4515625 0.64375 0.028125 0.0875
12 0.36640625 0.6328125 0.0375 0.1625
12 0.31796875 0.7625 0.0328125 0.25
11 0.315625 0.771875 0.02578125 0.19375
12 0.33515625 0.72421875 0.021875 0.20625
11 0.334375 0.7359375 0.0171875 0.15234375
12 0.44140625 0.74375 0.03671875 0.21796875
11 0.44296875 0.75390625 0.03359375 0.15703125
3 0.440625 0.63984375 0.021875 0.02421875
3 0.446875 0.61171875 0.0203125 0.02578125
3 0.3203125 0.6515625 0.02265625 0.02734375
13 0.44375 0.84140625 0.02265625 0.025
3 0.33671875 0.63125 0.021875 0.0234375
13 0.31171875 0.86953125 0.0125 0.01640625
13 0.3375 0.81796875 0.01875 0.0203125
3 0.3640625 0.5640625 0.0171875 0.0203125
9 0.3640625 0.63203125 0.03515625 0.10703125
13 0.32578125 0.87578125 0.01953125 0.0171875