12 0.34375 0.60859375 0.03046875 0.1625
12 0.375 0.7078125 0.0296875 0.20625
12 0.4140625 0.7390625 0.04609375 0.215625
11 0.41484375 0.74609375 0.03828125 0.17109375
11 0.37734375 0.72265625 0.0328125 0.1546875
12 0.41953125 0.625 0.0265625 0.04140625
12 0.38984375 0.7125 0.021875 0.19765625
3 0.4171875 0.64375 0.02265625 0.02890625
3 0.4203125 0.6203125 0.01953125 0.025
3 0.384375 0.62421875 0.009375 0.02109375
3 0.3421875 0.53828125 0.01640625 0.01953125
3 0.37109375 0.6171875 0.01875 0.0265625
13 0.4 0.8359375 0.021875 0.021875
13 0.37421875 0.80390625 0.01875 0.0171875
11 0.34453125 0.6109375 0.03203125 0.1046875
13 0.34140625 0.6765625 0.0125 0.02421875
13 0.41796875 0.83359375 0.015625 0.01484375
13 0.3546875 0.671875 0.00859375 0.0203125