12 0.875 0.8484375 0.06171875 0.24921875
9 0.878125 0.85234375 0.034375 0.19140625
12 0.84921875 0.94453125 0.0515625 0.1109375
12 0.71015625 0.59375 0.0203125 0.16171875
12 0.6453125 0.74140625 0.04140625 0.24296875
11 0.7109375 0.59375 0.021875 0.10703125
11 0.64375 0.7546875 0.04296875 0.18984375
12 0.5609375 0.7328125 0.0375 0.22421875
11 0.55703125 0.74140625 0.02734375 0.16875
12 0.57578125 0.696875 0.025 0.21484375
3 0.55859375 0.63125 0.021875 0.025
3 0.56484375 0.60703125 0.02109375 0.0265625
3 0.71171875 0.51875 0.0171875 0.02109375
3 0.64609375 0.6203125 0.015625 0.02265625
13 0.57109375 0.83515625 0.0203125 0.01953125
13 0.55625 0.834375 0.015625 0.0140625
13 0.7078125 0.66171875 0.01171875 0.0234375
7 0.890625 0.7328125 0.02109375 0.03203125
7 0.8578125 0.9015625 0.02578125 0.03125
3 0.6390625 0.63828125 0.01875 0.02421875
10 0.8796875 0.953125 0.0234375 0.02578125
9 0.84375 0.96875 0.0375 0.0625
13 0.65078125 0.85234375 0.01015625 0.02578125
13 0.6328125 0.85703125 0.01953125 0.02109375