12 0.2203125 0.784375 0.06328125 0.22109375
12 0.27421875 0.7765625 0.03828125 0.20625
12 0.38515625 0.8140625 0.04296875 0.253125
11 0.39140625 0.815625 0.03671875 0.18671875
12 0.271875 0.628125 0.02734375 0.0984375
12 0.334375 0.7875 0.04140625 0.221875
11 0.27265625 0.63984375 0.02421875 0.065625
11 0.33984375 0.78984375 0.028125 0.146875
12 0.4625 0.809375 0.03125 0.23671875
11 0.4640625 0.8046875 0.02734375 0.16953125
3 0.46171875 0.6984375 0.0234375 0.02578125
3 0.4640625 0.66875 0.021875 0.028125
3 0.2640625 0.58828125 0.01640625 0.02109375
3 0.37734375 0.6984375 0.01796875 0.02890625
13 0.4546875 0.9140625 0.02421875 0.0265625
3 0.3375 0.690625 0.02421875 0.02578125
13 0.346875 0.87578125 0.01796875 0.0359375
13 0.32421875 0.8828125 0.02265625 0.04375
3 0.21171875 0.68828125 0.01875 0.02734375
11 0.28125 0.76328125 0.046875 0.1234375
13 0.29140625 0.865625 0.01171875 0.05234375
13 0.278125 0.8671875 0.01484375 0.05234375
3 0.28203125 0.68828125 0.01875 0.02734375
13 0.20078125 0.86796875 0.01953125 0.0484375
13 0.38046875 0.92265625 0.01875 0.02421875
11 0.21875 0.77734375 0.0484375 0.13203125
13 0.2265625 0.86640625 0.0109375 0.05
13 0.3984375 0.91796875 0.01796875 0.0234375