13 0.6234375 0.803125 0.01640625 0.0328125
12 0.675 0.5984375 0.03046875 0.11953125
12 0.66328125 0.72578125 0.03984375 0.21484375
11 0.678125 0.59609375 0.03046875 0.0640625
12 0.63046875 0.7203125 0.0375 0.2
11 0.6640625 0.7375 0.0390625 0.159375
12 0.6 0.75 0.04765625 0.22265625
11 0.5984375 0.759375 0.03984375 0.17734375
11 0.6296875 0.7171875 0.03359375 0.13125
12 0.57578125 0.7234375 0.04765625 0.23359375
3 0.5953125 0.65390625 0.0234375 0.0296875
3 0.57109375 0.6203125 0.0203125 0.02578125
3 0.62578125 0.63046875 0.01796875 0.0234375
3 0.6796875 0.54921875 0.0171875 0.0203125
3 0.66953125 0.6296875 0.01875 0.02734375
13 0.61171875 0.8515625 0.02265625 0.02265625
13 0.64765625 0.81796875 0.01796875 0.0203125
13 0.59375 0.84921875 0.015625 0.015625
11 0.57421875 0.7203125 0.02578125 0.1640625
13 0.66953125 0.82578125 0.01640625 0.01640625
13 0.56484375 0.82265625 0.009375 0.0296875