12 0.2671875 0.61875 0.02734375 0.15703125
12 0.1421875 0.7265625 0.028125 0.20234375
12 0.16484375 0.75703125 0.05625 0.2
12 0.34453125 0.759375 0.0546875 0.240625
11 0.34140625 0.7609375 0.04140625 0.171875
12 0.30390625 0.73203125 0.04140625 0.1984375
11 0.26640625 0.61953125 0.0234375 0.10625
12 0.44296875 0.74921875 0.02890625 0.21640625
11 0.44453125 0.74453125 0.025 0.1546875
3 0.4421875 0.64765625 0.021875 0.0234375
3 0.44453125 0.6203125 0.0203125 0.025
3 0.2625 0.546875 0.01484375 0.01875
3 0.32890625 0.65078125 0.02265625 0.0265625
13 0.4359375 0.84453125 0.02265625 0.02421875
3 0.31796875 0.64453125 0.021875 0.0234375
13 0.33671875 0.8125 0.01640625 0.0328125
13 0.29375 0.81484375 0.02109375 0.03828125
3 0.13515625 0.64140625 0.0171875 0.025
11 0.1703125 0.746875 0.03203125 0.11953125
13 0.18359375 0.8234375 0.02421875 0.0421875
3 0.1609375 0.6703125 0.0171875 0.025
13 0.16640625 0.8078125 0.0234375 0.04453125
13 0.36171875 0.85625 0.02265625 0.03671875
11 0.14609375 0.721875 0.01875 0.1203125
13 0.15078125 0.83203125 0.0265625 0.05078125
11 0.3140625 0.73359375 0.034375 0.13828125
13 0.32109375 0.81953125 0.01484375 0.03828125
13 0.32578125 0.859375 0.02109375 0.0296875
12 0.09609375 0.87734375 0.04296875 0.24453125
9 0.09453125 0.89609375 0.0390625 0.14609375