12 0.21328125 0.70859375 0.03046875 0.19453125
12 0.2671875 0.71328125 0.034375 0.18515625
12 0.37421875 0.74140625 0.0453125 0.23828125
11 0.37421875 0.75 0.04375 0.1734375
12 0.27421875 0.59609375 0.01875 0.14296875
12 0.321875 0.72265625 0.0375 0.2
11 0.2765625 0.59765625 0.0203125 0.0890625
11 0.32890625 0.72109375 0.0234375 0.1421875
12 0.43671875 0.74296875 0.028125 0.2125
11 0.43828125 0.74609375 0.0265625 0.1640625
3 0.4359375 0.64296875 0.02109375 0.0234375
3 0.43828125 0.61640625 0.01953125 0.025
3 0.2703125 0.534375 0.01640625 0.01953125
3 0.3859375 0.64921875 0.01875 0.028125
13 0.43046875 0.83671875 0.021875 0.02421875
3 0.32734375 0.63203125 0.02109375 0.02265625
13 0.33359375 0.80234375 0.01640625 0.0328125
13 0.3125 0.80859375 0.0203125 0.0390625
3 0.2078125 0.625 0.01640625 0.02421875
11 0.26796875 0.70078125 0.03359375 0.1109375
13 0.2796875 0.784375 0.01015625 0.046875
13 0.26171875 0.78359375 0.0109375 0.04609375
3 0.2609375 0.6296875 0.01640625 0.02421875
13 0.215625 0.78203125 0.009375 0.04453125
13 0.3640625 0.84140625 0.0109375 0.02578125
13 0.37890625 0.8484375 0.01796875 0.02109375
11 0.21484375 0.70234375 0.02890625 0.11875