12 0.67109375 0.61171875 0.04140625 0.140625
12 0.73984375 0.76640625 0.0328125 0.24609375
12 0.8328125 0.88515625 0.05234375 0.2296875
9 0.8296875 0.89921875 0.04453125 0.16015625
11 0.73984375 0.778125 0.02890625 0.18671875
12 0.69609375 0.73203125 0.04375 0.20703125
12 0.75625 0.61015625 0.0125 0.15625
11 0.6921875 0.73125 0.0375 0.1359375
12 0.56328125 0.746875 0.028125 0.2140625
11 0.5625 0.7421875 0.02421875 0.15390625
3 0.56484375 0.64609375 0.02109375 0.0234375
3 0.5625 0.61953125 0.0203125 0.025
3 0.75625 0.53828125 0.01484375 0.01875
3 0.74453125 0.6546875 0.02265625 0.0265625
13 0.5703125 0.84140625 0.021875 0.02421875
3 0.6875 0.6421875 0.021875 0.0234375
13 0.7390625 0.8796875 0.02109375 0.01953125
13 0.68515625 0.8171875 0.0140625 0.03828125
3 0.678125 0.5484375 0.01640625 0.0203125
7 0.846875 0.784375 0.02265625 0.02890625
9 0.67421875 0.6140625 0.02578125 0.09765625
13 0.709375 0.8125 0.01953125 0.03828125