12 0.21640625 0.66796875 0.03984375 0.18671875
12 0.2484375 0.57109375 0.02109375 0.16953125
12 0.31015625 0.725 0.05546875 0.25390625
11 0.2484375 0.5703125 0.0234375 0.11171875
11 0.31875 0.73828125 0.04453125 0.1984375
12 0.409375 0.71953125 0.0390625 0.234375
11 0.4125 0.72421875 0.03515625 0.1765625
12 0.3921875 0.67890625 0.02578125 0.225
3 0.403125 0.61875 0.0234375 0.02578125
3 0.40078125 0.584375 0.021875 0.02734375
3 0.246875 0.4921875 0.01796875 0.021875
3 0.31875 0.59765625 0.02265625 0.0234375
13 0.39453125 0.82265625 0.021875 0.0203125
13 0.40546875 0.828125 0.01640625 0.01484375
13 0.25078125 0.64140625 0.0125 0.02421875
3 0.3109375 0.61484375 0.01953125 0.02578125
13 0.3125 0.8359375 0.0109375 0.02734375
13 0.3265625 0.84140625 0.0203125 0.02265625
3 0.21015625 0.58515625 0.01875 0.02734375
11 0.2140625 0.65546875 0.034375 0.10078125
13 0.22890625 0.715625 0.01328125 0.034375
13 0.20546875 0.7375 0.0125 0.046875