12 0.3703125 0.9296875 0.04375 0.140625
12 0.70625 0.60859375 0.01953125 0.15390625
12 0.653125 0.71953125 0.0390625 0.21015625
11 0.70390625 0.60703125 0.02109375 0.10234375
12 0.62734375 0.7140625 0.03828125 0.1875
11 0.65390625 0.73046875 0.03828125 0.15546875
12 0.56015625 0.74140625 0.0359375 0.215625
11 0.55625 0.7515625 0.0265625 0.16484375
11 0.6296875 0.71796875 0.0328125 0.12890625
12 0.571875 0.70625 0.01875 0.20703125
3 0.55625 0.64296875 0.02109375 0.0234375
3 0.5625 0.61875 0.0203125 0.025
3 0.63203125 0.6296875 0.01796875 0.02265625
3 0.70390625 0.53515625 0.01640625 0.0203125
3 0.66015625 0.62421875 0.01875 0.0265625
13 0.57109375 0.83984375 0.01953125 0.01875
13 0.6375 0.809375 0.0171875 0.0203125
13 0.6140625 0.79296875 0.01484375 0.0328125
13 0.6578125 0.81484375 0.021875 0.015625
13 0.55234375 0.815625 0.015625 0.02265625
13 0.7015625 0.66953125 0.0109375 0.021875
7 0.37578125 0.88125 0.0296875 0.028125
9 0.3671875 0.95859375 0.0359375 0.0828125
7 0.53671875 0.971875 0.02890625 0.0328125