12 0.36640625 0.878125 0.0765625 0.24375
9 0.3625 0.89921875 0.0375 0.2015625
12 0.49375 0.96640625 0.046875 0.0671875
12 0.29921875 0.60390625 0.01953125 0.15390625
12 0.36484375 0.71796875 0.025 0.1765625
11 0.3 0.603125 0.02109375 0.1015625
11 0.36484375 0.7359375 0.02734375 0.13515625
12 0.4421875 0.7359375 0.0359375 0.2125
11 0.44609375 0.74375 0.0265625 0.16015625
12 0.42734375 0.7015625 0.0234375 0.20390625
3 0.44453125 0.6390625 0.02109375 0.0234375
3 0.4375 0.61640625 0.01953125 0.025
3 0.29921875 0.5328125 0.01640625 0.01953125
3 0.371875 0.646875 0.01875 0.0265625
13 0.43046875 0.83359375 0.01953125 0.01875
13 0.44609375 0.83203125 0.01484375 0.0140625
13 0.30390625 0.66796875 0.0109375 0.021875
7 0.34921875 0.77109375 0.0203125 0.03046875
7 0.48671875 0.94609375 0.0296875 0.03125