12 0.35703125 0.7140625 0.04140625 0.2203125
11 0.346875 0.57265625 0.0203125 0.06328125
12 0.3859375 0.70859375 0.03828125 0.2046875
11 0.35625 0.72578125 0.040625 0.16328125
12 0.3453125 0.559375 0.01796875 0.0875
12 0.42265625 0.740625 0.0484375 0.22890625
11 0.4234375 0.7484375 0.040625 0.18203125
11 0.390625 0.71796875 0.0390625 0.15390625
12 0.4328125 0.64609375 0.03203125 0.096875
3 0.42890625 0.640625 0.02421875 0.03046875
3 0.43046875 0.61328125 0.02109375 0.0265625
3 0.39453125 0.615625 0.01875 0.02421875
3 0.3453125 0.52265625 0.0171875 0.02109375
3 0.346875 0.61796875 0.01953125 0.028125
13 0.41015625 0.84375 0.02265625 0.0234375
13 0.3734375 0.809375 0.01796875 0.02109375
13 0.42890625 0.840625 0.01640625 0.015625
13 0.39921875 0.79296875 0.01796875 0.0265625