12 0.60703125 0.76796875 0.05234375 0.23125
11 0.61328125 0.78203125 0.04296875 0.1765625
12 0.5890625 0.73984375 0.0390625 0.2203125
12 0.63828125 0.67421875 0.0265625 0.1796875
12 0.67109375 0.6640625 0.034375 0.1828125
12 0.69375 0.6796875 0.01875 0.1890625
12 0.73984375 0.6171875 0.02734375 0.14609375
12 0.540625 0.7578125 0.0390625 0.21015625
3 0.54453125 0.659375 0.02265625 0.025
3 0.58984375 0.63828125 0.0203125 0.02578125
3 0.6390625 0.5921875 0.0203125 0.02578125
3 0.67890625 0.58203125 0.01640625 0.0203125
3 0.69296875 0.5953125 0.0171875 0.02578125
3 0.73828125 0.54609375 0.01171875 0.01640625
11 0.740625 0.6140625 0.03046875 0.096875
11 0.69296875 0.68984375 0.0171875 0.1375
11 0.67265625 0.66171875 0.03359375 0.1125
11 0.54140625 0.76640625 0.03203125 0.1578125
3 0.61328125 0.6671875 0.01953125 0.02734375
13 0.59140625 0.875 0.02265625 0.02265625
13 0.53515625 0.84921875 0.01484375 0.021875
13 0.6125 0.87578125 0.00859375 0.01640625
13 0.6765625 0.740625 0.01171875 0.04140625
13 0.65859375 0.73984375 0.0140625 0.03125
13 0.73671875 0.67578125 0.0109375 0.03359375
9 0.6375 0.67734375 0.03046875 0.125
13 0.69296875 0.7671875 0.01796875 0.01640625
13 0.64296875 0.7484375 0.01953125 0.01875
13 0.74609375 0.6640625 0.00703125 0.03203125
11 0.58828125 0.7421875 0.03828125 0.15546875