12 0.33046875 0.60859375 0.040625 0.1390625
12 0.26171875 0.76171875 0.0328125 0.24375
12 0.1703125 0.88359375 0.05234375 0.23203125
9 0.17265625 0.89375 0.04375 0.15859375
11 0.26171875 0.7734375 0.028125 0.18515625
12 0.30546875 0.728125 0.04296875 0.20546875
12 0.24609375 0.60703125 0.0125 0.1546875
11 0.30859375 0.72734375 0.0375 0.134375
12 0.43671875 0.74296875 0.028125 0.2125
11 0.43828125 0.73828125 0.02421875 0.15234375
3 0.4359375 0.64296875 0.02109375 0.0234375
3 0.43828125 0.61640625 0.01953125 0.025
3 0.2453125 0.5359375 0.01484375 0.01875
3 0.25703125 0.65078125 0.02265625 0.02578125
13 0.43046875 0.83671875 0.021875 0.02421875
3 0.31328125 0.6390625 0.02109375 0.02265625
13 0.2625 0.87421875 0.02109375 0.01953125
13 0.31640625 0.8125 0.0140625 0.0375
3 0.3234375 0.54609375 0.01640625 0.0203125
7 0.15546875 0.7796875 0.02265625 0.028125
9 0.32734375 0.61171875 0.02578125 0.096875
13 0.2921875 0.8078125 0.01953125 0.0375