12 0.321875 0.6375 0.02109375 0.2015625
12 0.36171875 0.71171875 0.03359375 0.23203125
12 0.39453125 0.74375 0.0421875 0.2265625
11 0.4 0.75078125 0.0328125 0.1890625
11 0.3609375 0.72578125 0.0359375 0.18125
12 0.40859375 0.646875 0.02890625 0.09765625
12 0.34609375 0.6390625 0.028125 0.1625
3 0.3984375 0.64453125 0.025 0.03125
3 0.4046875 0.609375 0.021875 0.02734375
3 0.3515625 0.56953125 0.0171875 0.021875
3 0.31796875 0.54375 0.01796875 0.021875
11 0.3390625 0.6484375 0.01328125 0.125
3 0.35625 0.60546875 0.0203125 0.02890625
13 0.38359375 0.84921875 0.0234375 0.02421875
13 0.35546875 0.81640625 0.0203125 0.01875
11 0.3234375 0.6359375 0.0203125 0.13359375
13 0.32265625 0.715625 0.01796875 0.02890625