13 0.5953125 0.87109375 0.01796875 0.03515625
12 0.63828125 0.7875 0.04375 0.2328125
11 0.64296875 0.6375 0.025 0.06640625
12 0.603125 0.78125 0.040625 0.21640625
11 0.63984375 0.8 0.04296875 0.17265625
12 0.646875 0.6234375 0.01953125 0.09296875
12 0.56953125 0.815625 0.0515625 0.2421875
11 0.56875 0.82421875 0.04296875 0.1921875
11 0.60234375 0.77734375 0.03671875 0.14296875
12 0.55078125 0.784375 0.0515625 0.253125
3 0.56328125 0.71015625 0.02578125 0.03203125
3 0.5484375 0.67265625 0.021875 0.028125
3 0.6 0.68359375 0.01953125 0.025
3 0.64453125 0.58515625 0.01875 0.02265625
3 0.64921875 0.6828125 0.0203125 0.0296875
13 0.5828125 0.92421875 0.02421875 0.02421875
13 0.621875 0.88671875 0.01953125 0.02265625
13 0.56328125 0.92109375 0.0171875 0.0171875
11 0.5421875 0.78125 0.02734375 0.178125
13 0.6453125 0.8953125 0.01796875 0.01796875
13 0.5328125 0.8921875 0.01015625 0.03203125