12 0.65703125 0.734375 0.04140625 0.2296875
11 0.6578125 0.7421875 0.04140625 0.17109375
12 0.5890625 0.7171875 0.04296875 0.225
12 0.634375 0.64765625 0.02578125 0.17421875
12 0.6671875 0.5828125 0.03046875 0.065625
12 0.68671875 0.65234375 0.01875 0.1828125
12 0.7203125 0.584375 0.0265625 0.1421875
12 0.56015625 0.73203125 0.04140625 0.21953125
3 0.55 0.63203125 0.021875 0.02421875
3 0.58671875 0.6125 0.0203125 0.025
3 0.63828125 0.56796875 0.01953125 0.025
3 0.6734375 0.55859375 0.01640625 0.0203125
3 0.68671875 0.57109375 0.0171875 0.025
3 0.72421875 0.52265625 0.01171875 0.01640625
11 0.7203125 0.57734375 0.02265625 0.0859375
11 0.68671875 0.6640625 0.0171875 0.1359375
11 0.66875 0.59921875 0.02578125 0.0359375
11 0.55625 0.74453125 0.0359375 0.1625
3 0.6640625 0.62890625 0.01875 0.0265625
13 0.6453125 0.8375 0.021875 0.01953125
13 0.56171875 0.83046875 0.01484375 0.02109375
13 0.665625 0.83125 0.01171875 0.01796875
13 0.7265625 0.63828125 0.0109375 0.0328125
9 0.6328125 0.65390625 0.0296875 0.12109375
13 0.6859375 0.73515625 0.0171875 0.01640625
13 0.6390625 0.7203125 0.01953125 0.01796875
13 0.71171875 0.63671875 0.00703125 0.03125
11 0.5890625 0.7203125 0.040625 0.16171875
13 0.6046875 0.8203125 0.0140625 0.0234375
13 0.584375 0.80546875 0.015625 0.02890625