12 0.2 0.746875 0.04296875 0.2078125
12 0.271875 0.74765625 0.03671875 0.19765625
12 0.3796875 0.7796875 0.04921875 0.25
11 0.378125 0.7859375 0.05078125 0.17890625
12 0.27890625 0.62265625 0.0203125 0.15234375
12 0.3296875 0.7578125 0.03984375 0.21328125
11 0.28203125 0.62421875 0.021875 0.09453125
11 0.33515625 0.7609375 0.0265625 0.14140625
12 0.45234375 0.77890625 0.0296875 0.2265625
11 0.45546875 0.77578125 0.02578125 0.1546875
3 0.4515625 0.67265625 0.02265625 0.025
3 0.45390625 0.64453125 0.02109375 0.0265625
3 0.275 0.55703125 0.01796875 0.02109375
3 0.38515625 0.66953125 0.0203125 0.03046875
13 0.4453125 0.8796875 0.0234375 0.02578125
3 0.3359375 0.6609375 0.02265625 0.02421875
13 0.3421875 0.84296875 0.0171875 0.03515625
13 0.3203125 0.84921875 0.021875 0.0421875
3 0.19375 0.6515625 0.01796875 0.02578125
11 0.271875 0.734375 0.0359375 0.11875
13 0.28671875 0.8234375 0.0109375 0.05
13 0.265625 0.82265625 0.01171875 0.04921875
3 0.2671875 0.659375 0.01796875 0.02578125
13 0.1953125 0.8265625 0.01484375 0.046875
13 0.37421875 0.88359375 0.01171875 0.02734375
13 0.39140625 0.8921875 0.01875 0.02265625
11 0.196875 0.7421875 0.03828125 0.1265625
13 0.215625 0.82578125 0.0109375 0.03984375