12 0.3765625 0.71484375 0.0265625 0.21171875
12 0.409375 0.74296875 0.03046875 0.21328125
11 0.40859375 0.75078125 0.03046875 0.16171875
11 0.37578125 0.71640625 0.02734375 0.146875
12 0.41875 0.7125 0.03046875 0.21328125
12 0.35703125 0.65703125 0.02734375 0.18125
3 0.403125 0.65 0.021875 0.02421875
3 0.41796875 0.6203125 0.01953125 0.025
3 0.3546875 0.56328125 0.015625 0.01953125
3 0.36015625 0.578125 0.01640625 0.01953125
11 0.36171875 0.6578125 0.0171875 0.11796875
3 0.378125 0.6171875 0.01875 0.0265625
13 0.403125 0.8453125 0.01484375 0.0234375
13 0.40546875 0.8390625 0.01484375 0.0171875
13 0.37578125 0.81171875 0.015625 0.0171875
11 0.4203125 0.71875 0.0234375 0.1671875