12 0.665625 0.74375 0.040625 0.23125
11 0.665625 0.75390625 0.0421875 0.175
12 0.6078125 0.7171875 0.02734375 0.2109375
12 0.64140625 0.6578125 0.02578125 0.178125
12 0.675 0.590625 0.03046875 0.0671875
12 0.6953125 0.66171875 0.01875 0.1875
12 0.7265625 0.59140625 0.025 0.1453125
12 0.58828125 0.7515625 0.03515625 0.22578125
3 0.59375 0.64921875 0.02265625 0.025
3 0.60390625 0.62578125 0.0203125 0.02578125
3 0.64375 0.57578125 0.01953125 0.025
3 0.68046875 0.565625 0.01640625 0.0203125
3 0.68984375 0.5796875 0.0171875 0.02578125
3 0.72265625 0.5234375 0.01171875 0.01640625
11 0.7265625 0.58515625 0.0234375 0.08828125
11 0.69453125 0.67421875 0.0171875 0.1390625
11 0.6765625 0.63515625 0.02265625 0.0921875
11 0.590625 0.759375 0.0234375 0.16171875
3 0.66484375 0.6390625 0.01875 0.02734375
13 0.653125 0.84921875 0.02265625 0.0203125
13 0.596875 0.8515625 0.01484375 0.02109375
13 0.6734375 0.84453125 0.01171875 0.01796875
13 0.734375 0.6484375 0.0109375 0.0328125
9 0.63984375 0.66328125 0.03046875 0.12421875
13 0.69453125 0.74921875 0.01953125 0.0140625
13 0.7203125 0.64609375 0.00703125 0.03203125
11 0.61015625 0.7234375 0.01640625 0.16484375
13 0.6109375 0.8140625 0.015625 0.0171875