12 0.29140625 0.74453125 0.05 0.2328125
11 0.28984375 0.7546875 0.04765625 0.16875
12 0.36875 0.659375 0.03046875 0.08046875
12 0.31328125 0.65859375 0.025 0.1859375
12 0.2703125 0.62734375 0.01640625 0.09921875
12 0.20234375 0.61328125 0.01953125 0.1484375
12 0.36328125 0.76796875 0.04609375 0.23046875
3 0.36328125 0.665625 0.0234375 0.02578125
3 0.36640625 0.634375 0.02109375 0.0265625
3 0.3125 0.5703125 0.0171875 0.02109375
3 0.2734375 0.58671875 0.01796875 0.02109375
3 0.2 0.53984375 0.0109375 0.01875
11 0.20078125 0.60546875 0.01796875 0.09453125
11 0.271875 0.625 0.0140625 0.0265625
11 0.31484375 0.66171875 0.0234375 0.12109375
3 0.28203125 0.6421875 0.01953125 0.028125
13 0.2859375 0.84921875 0.01171875 0.02578125
13 0.34921875 0.86328125 0.01953125 0.02109375
11 0.36484375 0.7765625 0.0421875 0.1734375
13 0.36875 0.875 0.015625 0.01796875
3 0.20078125 0.58359375 0.01640625 0.0328125
13 0.3109375 0.853125 0.01640625 0.01953125