12 0.3109375 0.73984375 0.04140625 0.221875
11 0.3 0.59765625 0.0203125 0.06328125
12 0.33984375 0.734375 0.03828125 0.20625
11 0.31015625 0.7515625 0.040625 0.1640625
12 0.29921875 0.584375 0.01796875 0.08828125
12 0.3765625 0.76640625 0.04921875 0.2296875
11 0.378125 0.77421875 0.040625 0.1828125
11 0.34453125 0.74375 0.0390625 0.1546875
12 0.38671875 0.67109375 0.03203125 0.09765625
3 0.3828125 0.66640625 0.02421875 0.03046875
3 0.38515625 0.63828125 0.02109375 0.0265625
3 0.34765625 0.64140625 0.01875 0.02421875
3 0.2984375 0.54765625 0.01796875 0.02109375
3 0.30078125 0.64296875 0.01953125 0.028125
13 0.3640625 0.86953125 0.0234375 0.0234375
13 0.32734375 0.83515625 0.01796875 0.02109375
13 0.3828125 0.8671875 0.01640625 0.01640625
13 0.353125 0.81875 0.01796875 0.0265625