12 0.33125 0.759375 0.02890625 0.234375
11 0.33203125 0.76953125 0.02734375 0.1671875
12 0.40390625 0.746875 0.01875 0.22109375
12 0.375 0.684375 0.03046875 0.18671875
12 0.34140625 0.65 0.028125 0.14765625
12 0.31796875 0.6890625 0.01953125 0.1953125
12 0.2625 0.609375 0.0265625 0.14765625
12 0.42265625 0.78359375 0.03671875 0.2359375
3 0.41953125 0.67734375 0.0234375 0.0265625
3 0.40390625 0.65078125 0.02109375 0.0265625
3 0.371875 0.60234375 0.01953125 0.02109375
3 0.33984375 0.5859375 0.0171875 0.02109375
3 0.31796875 0.60625 0.01796875 0.0265625
3 0.25546875 0.54609375 0.0109375 0.01875
11 0.26640625 0.60390625 0.01953125 0.0921875
11 0.315625 0.7015625 0.01796875 0.1453125
11 0.3421875 0.66640625 0.028125 0.1140625
11 0.42578125 0.790625 0.03359375 0.18203125
3 0.3328125 0.6515625 0.01953125 0.02890625
13 0.3296875 0.86640625 0.0125 0.03515625
13 0.4140625 0.89140625 0.01953125 0.021875
13 0.265625 0.66953125 0.0109375 0.03203125
9 0.37578125 0.6875 0.03125 0.13203125
11 0.4 0.759375 0.02265625 0.1625
13 0.40390625 0.8484375 0.01640625 0.01796875