13 0.39609375 0.8359375 0.01640625 0.03359375
12 0.3421875 0.625 0.03203125 0.12265625
12 0.3546875 0.75625 0.04140625 0.2203125
11 0.3421875 0.62265625 0.03125 0.065625
12 0.3890625 0.75078125 0.03828125 0.2046875
11 0.35390625 0.76796875 0.040625 0.16328125
12 0.41953125 0.78125 0.0484375 0.22890625
11 0.42109375 0.79140625 0.040625 0.18203125
11 0.3890625 0.746875 0.034375 0.13515625
12 0.44453125 0.75390625 0.0484375 0.23984375
3 0.42421875 0.68203125 0.02421875 0.03046875
3 0.44609375 0.646875 0.02109375 0.0265625
3 0.390625 0.6578125 0.01875 0.02421875
3 0.340625 0.57421875 0.0171875 0.02109375
3 0.3484375 0.65703125 0.01953125 0.028125
13 0.4078125 0.8859375 0.02265625 0.0234375
13 0.37109375 0.85078125 0.01796875 0.02109375
13 0.4265625 0.8828125 0.01640625 0.015625
11 0.44609375 0.75078125 0.0265625 0.16875
13 0.3484375 0.85859375 0.01640625 0.01640625
13 0.45546875 0.85625 0.01015625 0.03046875