12 0.6765625 0.64296875 0.0328125 0.2015625
12 0.63984375 0.7171875 0.03984375 0.2296875
12 0.6 0.75234375 0.0515625 0.2421875
11 0.59453125 0.76015625 0.04296875 0.1921875
11 0.64140625 0.73359375 0.03671875 0.1734375
12 0.59453125 0.621875 0.028125 0.0390625
12 0.62265625 0.68828125 0.02578125 0.16875
3 0.596875 0.64453125 0.02578125 0.03203125
3 0.59296875 0.61875 0.021875 0.028125
3 0.62265625 0.61640625 0.01796875 0.021875
3 0.68046875 0.5484375 0.01875 0.02265625
3 0.64765625 0.61484375 0.0203125 0.0296875
13 0.615625 0.86015625 0.02421875 0.02421875
13 0.64453125 0.825 0.02109375 0.01953125
11 0.68046875 0.6375 0.03671875 0.12890625
13 0.6828125 0.7203125 0.0140625 0.040625