12 0.66484375 0.73203125 0.04921875 0.2265625
11 0.66640625 0.74140625 0.04609375 0.1640625
12 0.58984375 0.6484375 0.0296875 0.078125
12 0.63984375 0.6484375 0.02421875 0.18125
12 0.68515625 0.6171875 0.015625 0.09609375
12 0.73359375 0.6140625 0.02265625 0.14140625
12 0.7515625 0.60390625 0.01875 0.14453125
12 0.5953125 0.75390625 0.04453125 0.225
3 0.5953125 0.6546875 0.02265625 0.025
3 0.5921875 0.62421875 0.0203125 0.02578125
3 0.6390625 0.56640625 0.01640625 0.0203125
3 0.6828125 0.578125 0.0171875 0.0203125
3 0.75859375 0.5390625 0.0109375 0.01875
11 0.753125 0.59609375 0.0171875 0.0921875
11 0.6890625 0.615625 0.0234375 0.02734375
11 0.6375 0.6515625 0.02578125 0.1203125
3 0.67421875 0.63203125 0.01953125 0.02734375
13 0.6703125 0.83359375 0.01171875 0.02578125
13 0.609375 0.84765625 0.01875 0.02109375
13 0.74765625 0.6546875 0.0109375 0.0296875
11 0.59375 0.76328125 0.040625 0.16953125
13 0.58984375 0.85859375 0.015625 0.01796875
3 0.73828125 0.5546875 0.01484375 0.01796875
9 0.73359375 0.61796875 0.01953125 0.1015625
13 0.64609375 0.8375 0.01640625 0.01953125