12 0.3234375 0.71875 0.03359375 0.21796875
11 0.32578125 0.72734375 0.025 0.15546875
12 0.3921875 0.70625 0.0171875 0.20546875
12 0.3640625 0.6484375 0.025 0.17265625
12 0.3359375 0.61640625 0.02890625 0.1375
12 0.3125 0.653125 0.01875 0.18125
12 0.26171875 0.578125 0.025 0.1375
12 0.41015625 0.740625 0.034375 0.21953125
3 0.40703125 0.64140625 0.021875 0.02421875
3 0.39296875 0.6171875 0.01953125 0.025
3 0.36328125 0.571875 0.01796875 0.01953125
3 0.33359375 0.55703125 0.015625 0.01953125
3 0.3125 0.57578125 0.01640625 0.025
3 0.2546875 0.51953125 0.01015625 0.01796875
11 0.26484375 0.5734375 0.01796875 0.08515625
11 0.31015625 0.6640625 0.0171875 0.13515625
11 0.33515625 0.63125 0.0265625 0.10625
11 0.41328125 0.746875 0.03125 0.16875
3 0.3265625 0.61796875 0.01875 0.0265625
13 0.3234375 0.81796875 0.01171875 0.03203125
13 0.40234375 0.840625 0.01796875 0.0203125
13 0.2640625 0.634375 0.01015625 0.0296875
9 0.36640625 0.6515625 0.02890625 0.12265625
11 0.38984375 0.71796875 0.02109375 0.15078125
13 0.3921875 0.80078125 0.01484375 0.0171875