12 0.2640625 0.71953125 0.0375 0.2421875
11 0.26640625 0.72890625 0.028125 0.17265625
12 0.34140625 0.70625 0.01953125 0.228125
12 0.309375 0.6421875 0.028125 0.1921875
12 0.278125 0.60625 0.03203125 0.153125
12 0.2515625 0.646875 0.0203125 0.2015625
12 0.1953125 0.5640625 0.02734375 0.15234375
12 0.3609375 0.74375 0.03828125 0.24375
3 0.35703125 0.634375 0.02421875 0.02734375
3 0.34140625 0.60703125 0.021875 0.028125
3 0.3078125 0.55703125 0.0203125 0.021875
3 0.275 0.53984375 0.01796875 0.021875
3 0.2515625 0.5609375 0.01875 0.02734375
3 0.1875 0.4984375 0.01171875 0.01953125
11 0.1984375 0.55859375 0.0203125 0.09453125
11 0.25 0.659375 0.01875 0.15
11 0.27734375 0.62265625 0.02890625 0.11796875
11 0.3640625 0.75078125 0.034375 0.1875
3 0.2671875 0.6078125 0.0203125 0.0296875
13 0.2640625 0.8296875 0.0125 0.0359375
13 0.3515625 0.85546875 0.0203125 0.021875
13 0.19765625 0.6265625 0.01171875 0.0328125
9 0.3125 0.6453125 0.03203125 0.1359375
11 0.3375 0.71875 0.0234375 0.16796875
13 0.34140625 0.8109375 0.01640625 0.01875