12 0.32109375 0.6765625 0.03046875 0.18984375
12 0.35546875 0.746875 0.0375 0.21640625
12 0.3984375 0.7734375 0.06015625 0.24765625
11 0.3984375 0.7875 0.040625 0.18125
11 0.35390625 0.7625 0.034375 0.16328125
12 0.3984375 0.65703125 0.0265625 0.0375
12 0.371875 0.71953125 0.02421875 0.15859375
3 0.39609375 0.678125 0.02421875 0.03046875
3 0.4 0.65390625 0.02109375 0.0265625
3 0.371875 0.6515625 0.0171875 0.02109375
3 0.3203125 0.5875 0.0171875 0.02109375
3 0.34765625 0.65 0.01953125 0.028125
13 0.37890625 0.88203125 0.02265625 0.0234375
13 0.35078125 0.8484375 0.01953125 0.01796875
11 0.31953125 0.671875 0.034375 0.121875
13 0.315625 0.75 0.01328125 0.03828125