12 0.6703125 0.66640625 0.021875 0.190625
12 0.6328125 0.73984375 0.0328125 0.22421875
12 0.59609375 0.77421875 0.04921875 0.2265625
11 0.59140625 0.77734375 0.040625 0.18203125
11 0.63359375 0.753125 0.03359375 0.17421875
12 0.5890625 0.67265625 0.028125 0.08828125
12 0.61953125 0.70625 0.02421875 0.1546875
3 0.59609375 0.6703125 0.02421875 0.03046875
3 0.59140625 0.64140625 0.02109375 0.0265625
3 0.621875 0.6390625 0.0171875 0.02109375
3 0.67421875 0.578125 0.0171875 0.02109375
3 0.6390625 0.6390625 0.01953125 0.028125
13 0.6109375 0.87265625 0.02265625 0.0234375
13 0.63828125 0.84140625 0.01953125 0.01796875
11 0.67109375 0.6640625 0.02109375 0.13046875
13 0.6703125 0.74296875 0.01640625 0.0328125