13 0.4078125 0.79375 0.0171875 0.03359375
12 0.35390625 0.5796875 0.03203125 0.125
12 0.36640625 0.7140625 0.0421875 0.22421875
11 0.353125 0.578125 0.03203125 0.0671875
12 0.40078125 0.7078125 0.0390625 0.20859375
11 0.36484375 0.72578125 0.04140625 0.16640625
12 0.43203125 0.7390625 0.04921875 0.2328125
11 0.43359375 0.7484375 0.04140625 0.18515625
11 0.40078125 0.70390625 0.03515625 0.1375
12 0.4578125 0.7109375 0.04921875 0.24375
3 0.4375 0.63828125 0.02421875 0.03125
3 0.459375 0.60234375 0.02109375 0.02734375
3 0.403125 0.61328125 0.01875 0.02421875
3 0.3515625 0.528125 0.01796875 0.021875
3 0.36015625 0.6125 0.01953125 0.02890625
13 0.4203125 0.8453125 0.0234375 0.0234375
13 0.3828125 0.809375 0.01875 0.021875
13 0.4390625 0.8421875 0.01640625 0.01640625
11 0.459375 0.7078125 0.0265625 0.171875
13 0.36015625 0.81796875 0.0171875 0.0171875
13 0.46875 0.81484375 0.01015625 0.03125