12 0.32734375 0.7203125 0.03671875 0.21953125
11 0.33125 0.73203125 0.04453125 0.15859375
12 0.390625 0.70625 0.02109375 0.20546875
12 0.365625 0.6484375 0.028125 0.17265625
12 0.33125 0.60625 0.02734375 0.10234375
12 0.31015625 0.659375 0.03671875 0.1734375
12 0.25078125 0.5921875 0.02265625 0.1390625
12 0.4078125 0.740625 0.03046875 0.21953125
3 0.40703125 0.64140625 0.021875 0.02421875
3 0.39296875 0.6171875 0.01953125 0.025
3 0.365625 0.571875 0.01796875 0.01953125
3 0.3265625 0.56171875 0.015625 0.01953125
3 0.321875 0.584375 0.01640625 0.025
3 0.24375 0.53125 0.01015625 0.01796875
11 0.25234375 0.59140625 0.01796875 0.08515625
11 0.3046875 0.66171875 0.028125 0.13984375
11 0.33203125 0.61796875 0.02265625 0.0703125
11 0.4109375 0.74765625 0.021875 0.165625
3 0.321875 0.62421875 0.01875 0.0265625
13 0.3296875 0.8203125 0.0109375 0.02421875
13 0.40078125 0.840625 0.01796875 0.0203125
13 0.259375 0.65 0.01171875 0.028125
9 0.36484375 0.65 0.02890625 0.12265625
11 0.390625 0.7140625 0.01953125 0.15078125
13 0.3921875 0.8015625 0.01484375 0.0171875