12 0.64765625 0.63828125 0.02109375 0.18671875
12 0.61640625 0.70859375 0.04609375 0.2109375
12 0.57421875 0.74453125 0.0484375 0.221875
11 0.56953125 0.74765625 0.03984375 0.178125
11 0.6171875 0.72421875 0.0453125 0.16328125
12 0.56796875 0.6453125 0.02734375 0.08671875
12 0.60234375 0.68125 0.0296875 0.1546875
3 0.575 0.6421875 0.0234375 0.0296875
3 0.56953125 0.6140625 0.0203125 0.02578125
3 0.6046875 0.61171875 0.01640625 0.0203125
3 0.65078125 0.55234375 0.0171875 0.0203125
3 0.62109375 0.61328125 0.01953125 0.02734375
13 0.5890625 0.840625 0.02265625 0.02265625
13 0.615625 0.809375 0.01953125 0.01796875
11 0.6484375 0.63671875 0.0203125 0.12734375
13 0.64765625 0.7140625 0.01640625 0.03203125