12 0.34140625 0.79375 0.04296875 0.23046875
11 0.32734375 0.64609375 0.02109375 0.065625
12 0.37109375 0.78828125 0.03984375 0.21484375
11 0.33984375 0.80625 0.0421875 0.17109375
12 0.32890625 0.63203125 0.01875 0.09140625
12 0.409375 0.821875 0.05078125 0.23984375
11 0.4109375 0.83046875 0.04296875 0.190625
11 0.37578125 0.7984375 0.04140625 0.1609375
12 0.4265625 0.7453125 0.046875 0.15859375
3 0.415625 0.7171875 0.025 0.03203125
3 0.41796875 0.68828125 0.021875 0.028125
3 0.3796875 0.69140625 0.01953125 0.025
3 0.328125 0.59375 0.01875 0.021875
3 0.33046875 0.69296875 0.0203125 0.0296875
13 0.396875 0.92890625 0.02421875 0.02421875
13 0.3578125 0.89296875 0.01875 0.021875
13 0.41640625 0.9265625 0.0171875 0.01640625
13 0.38515625 0.8765625 0.01953125 0.028125
11 0.4359375 0.77421875 0.0265625 0.1484375