12 0.40078125 0.75546875 0.04375 0.2203125
11 0.40234375 0.7640625 0.03984375 0.165625
12 0.3390625 0.86953125 0.06640625 0.2390625
9 0.340625 0.85703125 0.06484375 0.19765625
12 0.3265625 0.690625 0.0359375 0.1359375
11 0.32421875 0.709375 0.04140625 0.09375
12 0.40625 0.6515625 0.02890625 0.0765625
12 0.35546875 0.6546875 0.028125 0.1859375
12 0.30703125 0.62109375 0.0296875 0.09453125
3 0.39765625 0.66171875 0.021875 0.025
3 0.403125 0.62890625 0.0203125 0.025
3 0.353125 0.56875 0.01640625 0.0203125
3 0.31328125 0.58203125 0.0171875 0.0203125
11 0.30703125 0.6359375 0.0265625 0.06796875
11 0.35546875 0.65390625 0.02421875 0.115625
3 0.3234375 0.6359375 0.01875 0.02734375
13 0.38828125 0.8390625 0.01953125 0.0390625
13 0.40546875 0.85234375 0.01484375 0.0171875
7 0.33203125 0.73046875 0.021875 0.0234375
6 0.36796875 0.8625 0.01171875 0.025