12 0.66484375 0.73984375 0.03984375 0.22734375
11 0.66484375 0.74921875 0.04140625 0.171875
12 0.6078125 0.7140625 0.02734375 0.20703125
12 0.640625 0.6546875 0.02578125 0.175
12 0.67421875 0.5890625 0.03046875 0.06640625
12 0.69375 0.65859375 0.01875 0.18359375
12 0.725 0.58984375 0.025 0.1421875
12 0.58828125 0.74765625 0.03515625 0.221875
3 0.59296875 0.646875 0.021875 0.025
3 0.60390625 0.6234375 0.0203125 0.025
3 0.64296875 0.575 0.01953125 0.025
3 0.67890625 0.56484375 0.01640625 0.0203125
3 0.6890625 0.578125 0.0171875 0.025
3 0.72109375 0.5234375 0.01171875 0.01640625
11 0.72421875 0.58359375 0.0234375 0.08671875
11 0.69296875 0.67109375 0.0171875 0.13671875
11 0.675 0.6328125 0.021875 0.090625
11 0.590625 0.75546875 0.0234375 0.15859375
3 0.6640625 0.63671875 0.01875 0.0265625
13 0.65234375 0.84296875 0.02265625 0.01953125
13 0.596875 0.8453125 0.01484375 0.02109375
13 0.67265625 0.8390625 0.01171875 0.01796875
13 0.73203125 0.6453125 0.0109375 0.0328125
9 0.6390625 0.6609375 0.0296875 0.121875
13 0.69296875 0.74453125 0.01875 0.01328125
13 0.71796875 0.64375 0.00703125 0.03125
11 0.609375 0.7203125 0.01640625 0.16171875
13 0.6109375 0.80859375 0.01484375 0.0171875