12 0.34296875 0.721875 0.04140625 0.2234375
12 0.39921875 0.74453125 0.04140625 0.21640625
11 0.4015625 0.753125 0.0390625 0.1625
12 0.2671875 0.70625 0.04375 0.2
9 0.26796875 0.70703125 0.03984375 0.146875
11 0.34140625 0.72734375 0.03203125 0.15390625
12 0.409375 0.65078125 0.03203125 0.0796875
12 0.346875 0.6546875 0.02578125 0.18125
3 0.4 0.6515625 0.021875 0.02421875
3 0.40234375 0.62265625 0.01953125 0.025
3 0.35625 0.56171875 0.015625 0.01953125
3 0.3484375 0.5734375 0.01640625 0.01953125
11 0.35 0.6109375 0.0265625 0.02734375
3 0.34921875 0.62265625 0.01875 0.0265625
13 0.38671875 0.82578125 0.01875 0.03828125
13 0.40546875 0.83984375 0.01484375 0.0171875
7 0.2671875 0.61484375 0.02109375 0.02265625
13 0.35 0.821875 0.015625 0.0171875
13 0.328125 0.82109375 0.01171875 0.0203125