12 0.1984375 0.71875 0.03984375 0.19453125
12 0.2671875 0.71328125 0.034375 0.18515625
12 0.36484375 0.746875 0.03828125 0.22734375
11 0.36171875 0.7484375 0.0359375 0.16796875
12 0.2765625 0.590625 0.0203125 0.1171875
12 0.321875 0.72265625 0.0375 0.2
11 0.2765625 0.59765625 0.0203125 0.0890625
11 0.3265625 0.72578125 0.025 0.13203125
12 0.43671875 0.74296875 0.028125 0.2125
11 0.43828125 0.73828125 0.02421875 0.15234375
3 0.4359375 0.64296875 0.02109375 0.0234375
3 0.43828125 0.61640625 0.01953125 0.025
3 0.2734375 0.540625 0.01640625 0.01953125
3 0.3671875 0.64609375 0.01875 0.028125
13 0.43046875 0.83671875 0.021875 0.02421875
3 0.32578125 0.63359375 0.02109375 0.02265625
13 0.33359375 0.80234375 0.01640625 0.0328125
13 0.3125 0.80859375 0.0203125 0.0390625
3 0.2 0.628125 0.01640625 0.02421875
11 0.26796875 0.70078125 0.03359375 0.1109375
13 0.28125 0.784375 0.01015625 0.046875
13 0.26171875 0.7828125 0.01328125 0.046875
3 0.2671875 0.63046875 0.01640625 0.02421875
13 0.18828125 0.7921875 0.0171875 0.04375
13 0.36796875 0.85546875 0.02109375 0.0203125
11 0.19765625 0.70859375 0.0359375 0.11875
13 0.2140625 0.790625 0.01015625 0.0453125