12 0.3734375 0.71640625 0.03671875 0.196875
11 0.353125 0.73515625 0.03828125 0.16171875
12 0.3375 0.5703125 0.0234375 0.08125
12 0.35078125 0.72109375 0.03984375 0.21171875
12 0.41328125 0.746875 0.046875 0.2203125
11 0.41484375 0.75390625 0.0390625 0.175
11 0.37421875 0.728125 0.04609375 0.15234375
12 0.42265625 0.65546875 0.03046875 0.09296875
3 0.41484375 0.65078125 0.0234375 0.02890625
3 0.42109375 0.6234375 0.0203125 0.02578125
3 0.36875 0.62890625 0.01796875 0.02265625
3 0.33359375 0.53671875 0.0171875 0.0203125
3 0.34375 0.62734375 0.01875 0.02734375
13 0.4015625 0.8453125 0.021875 0.02265625
13 0.365625 0.81171875 0.0171875 0.0203125
11 0.3375 0.58671875 0.01796875 0.059375
13 0.41953125 0.84296875 0.015625 0.015625
13 0.39140625 0.8015625 0.0171875 0.015625