12 0.28671875 0.76171875 0.0546875 0.24140625
12 0.1359375 0.8796875 0.05234375 0.2375
9 0.13671875 0.88125 0.04375 0.15859375
11 0.28984375 0.77734375 0.03984375 0.18046875
12 0.315625 0.72890625 0.0234375 0.209375
12 0.2609375 0.6140625 0.02109375 0.1546875
11 0.31015625 0.73046875 0.03125 0.13125
11 0.2609375 0.615625 0.01796875 0.1046875
12 0.43671875 0.74296875 0.028125 0.2125
11 0.43828125 0.73828125 0.02421875 0.15234375
3 0.4359375 0.64296875 0.02109375 0.0234375
3 0.43828125 0.61640625 0.01953125 0.025
3 0.25703125 0.54375 0.01484375 0.01875
3 0.27734375 0.65625 0.02265625 0.02578125
13 0.43046875 0.83671875 0.021875 0.02421875
3 0.3125 0.6390625 0.02109375 0.02265625
13 0.26796875 0.86328125 0.01796875 0.02421875
3 0.04453125 0.65234375 0.01640625 0.02421875
3 0.03984375 0.66796875 0.0125 0.0171875
13 0.30078125 0.8671875 0.02109375 0.03125
13 0.31640625 0.8125 0.0140625 0.0375
3 0.27578125 0.54296875 0.01640625 0.0203125
7 0.13203125 0.77109375 0.01640625 0.02578125