12 0.6515625 0.6421875 0.021875 0.19140625
12 0.61484375 0.71328125 0.03828125 0.21875
12 0.5765625 0.75078125 0.05 0.22734375
11 0.571875 0.75390625 0.040625 0.1828125
11 0.61640625 0.72890625 0.03515625 0.16484375
12 0.56953125 0.64921875 0.028125 0.0890625
12 0.6 0.68671875 0.03046875 0.15859375
3 0.57734375 0.64609375 0.02421875 0.03046875
3 0.56953125 0.61953125 0.02109375 0.0265625
3 0.5984375 0.6171875 0.0171875 0.02109375
3 0.65234375 0.55703125 0.01796875 0.02109375
3 0.62421875 0.61640625 0.01953125 0.028125
13 0.59140625 0.84921875 0.0234375 0.0234375
13 0.61953125 0.815625 0.0203125 0.01875
11 0.65234375 0.640625 0.02109375 0.13125
13 0.6515625 0.71796875 0.01953125 0.0296875
11 0.6015625 0.71015625 0.03203125 0.13515625