12 0.1609375 0.71875 0.040625 0.190625
12 0.29375 0.60390625 0.01953125 0.15390625
12 0.35546875 0.74453125 0.05078125 0.23046875
11 0.29375 0.6046875 0.02109375 0.1015625
11 0.35546875 0.7546875 0.0484375 0.18046875
12 0.44453125 0.7390625 0.028125 0.2125
11 0.44453125 0.74375 0.025 0.16015625
12 0.43046875 0.7015625 0.025 0.20390625
3 0.440625 0.646875 0.02109375 0.0234375
3 0.43828125 0.61640625 0.01953125 0.025
3 0.2921875 0.534375 0.01640625 0.01953125
3 0.36328125 0.62890625 0.0203125 0.02109375
13 0.44375 0.8359375 0.01953125 0.01875
13 0.3015625 0.66875 0.0109375 0.021875
3 0.35625 0.64453125 0.01796875 0.0234375
13 0.35703125 0.84453125 0.009375 0.02421875
13 0.3703125 0.85 0.01796875 0.0203125
3 0.15 0.63046875 0.0171875 0.025
11 0.15859375 0.715625 0.03046875 0.10546875
13 0.16484375 0.7953125 0.01171875 0.04296875
13 0.1765625 0.77890625 0.01015625 0.03671875