12 0.3296875 0.60546875 0.01953125 0.15234375
12 0.35 0.7140625 0.0390625 0.2078125
11 0.33046875 0.6078125 0.01640625 0.10234375
12 0.37734375 0.71171875 0.04140625 0.19375
11 0.34921875 0.725 0.03828125 0.15390625
12 0.425 0.7359375 0.03671875 0.21171875
11 0.41796875 0.74609375 0.03828125 0.17109375
11 0.37265625 0.71328125 0.0328125 0.12734375
12 0.44375 0.71015625 0.0296875 0.21640625
3 0.4234375 0.64453125 0.02109375 0.0234375
3 0.43515625 0.615625 0.01953125 0.025
3 0.36875 0.6265625 0.0171875 0.02265625
3 0.328125 0.53515625 0.01640625 0.01953125
3 0.34375 0.62109375 0.01875 0.0265625
13 0.41640625 0.834375 0.01875 0.015625
13 0.36484375 0.803125 0.0171875 0.0203125
13 0.4359375 0.83828125 0.015625 0.01484375
13 0.38984375 0.79375 0.0171875 0.015625
11 0.43984375 0.71640625 0.03046875 0.15625
13 0.34453125 0.81015625 0.015625 0.015625
13 0.45 0.81015625 0.015625 0.02265625