12 0.66015625 0.71875 0.0359375 0.23125
11 0.65703125 0.728125 0.0265625 0.16484375
12 0.58671875 0.70625 0.01875 0.21796875
12 0.61640625 0.64453125 0.0265625 0.18359375
12 0.646875 0.61015625 0.03046875 0.14609375
12 0.67109375 0.64921875 0.01953125 0.19296875
12 0.72578125 0.56953125 0.0265625 0.14609375
12 0.56796875 0.7421875 0.03671875 0.2328125
3 0.57109375 0.63671875 0.0234375 0.02578125
3 0.5859375 0.6109375 0.02109375 0.0265625
3 0.61796875 0.56328125 0.01953125 0.0203125
3 0.64921875 0.546875 0.0171875 0.02109375
3 0.67109375 0.5671875 0.0171875 0.0265625
3 0.73203125 0.5078125 0.0109375 0.01875
11 0.721875 0.56484375 0.01875 0.090625
11 0.6734375 0.6609375 0.01796875 0.14375
11 0.646875 0.62578125 0.028125 0.1125
11 0.56484375 0.7484375 0.0328125 0.17890625
3 0.65703125 0.61171875 0.01953125 0.028125
13 0.659375 0.82421875 0.0125 0.034375
13 0.5765625 0.8484375 0.01953125 0.02109375
13 0.72265625 0.6296875 0.0109375 0.03125
9 0.6140625 0.64765625 0.03125 0.1296875
11 0.58984375 0.71796875 0.02265625 0.16015625
13 0.58671875 0.80625 0.015625 0.01796875