12 0.315625 0.59921875 0.028125 0.15859375
12 0.3 0.775 0.05625 0.26875
12 0.153125 0.88671875 0.0578125 0.2265625
9 0.15625 0.9109375 0.0484375 0.17578125
11 0.3 0.7828125 0.04453125 0.19921875
12 0.33203125 0.73828125 0.04765625 0.22734375
12 0.28203125 0.6125 0.0234375 0.17109375
11 0.3359375 0.7390625 0.0421875 0.14921875
11 0.278125 0.6046875 0.02734375 0.115625
12 0.47734375 0.7546875 0.03125 0.23515625
11 0.47890625 0.75 0.02734375 0.16875
3 0.47578125 0.64453125 0.0234375 0.02578125
3 0.478125 0.61484375 0.021875 0.02734375
3 0.2734375 0.528125 0.01640625 0.02109375
3 0.2859375 0.6546875 0.025 0.02890625
13 0.46953125 0.85859375 0.02421875 0.0265625
3 0.340625 0.63984375 0.0234375 0.025
13 0.28984375 0.8875 0.0203125 0.02734375
13 0.3265625 0.8921875 0.0234375 0.034375
13 0.34453125 0.83203125 0.015625 0.04140625
3 0.3140625 0.52734375 0.01796875 0.021875
7 0.1453125 0.7875 0.025 0.03125
9 0.3171875 0.59375 0.025 0.08984375
13 0.315625 0.8234375 0.021875 0.04140625