12 0.66484375 0.73671875 0.0484375 0.22265625
11 0.66796875 0.74765625 0.05078125 0.16640625
12 0.590625 0.6546875 0.02890625 0.0765625
12 0.640625 0.65390625 0.0296875 0.178125
12 0.68984375 0.6234375 0.0296875 0.0953125
12 0.59609375 0.75859375 0.04375 0.22109375
3 0.59921875 0.66484375 0.02265625 0.025
3 0.59375 0.63125 0.0203125 0.02578125
3 0.63984375 0.57109375 0.01640625 0.0203125
3 0.6875 0.5859375 0.0171875 0.0203125
3 0.75625 0.559375 0.0109375 0.01796875
11 0.690625 0.63828125 0.0265625 0.06796875
11 0.6390625 0.65703125 0.028125 0.11640625
3 0.675 0.6390625 0.01875 0.02734375
13 0.66875 0.8359375 0.01171875 0.025
13 0.609375 0.85 0.01875 0.0203125
11 0.59453125 0.7671875 0.03984375 0.16640625
13 0.590625 0.86171875 0.015625 0.0171875
13 0.64609375 0.83671875 0.015625 0.01875