12 0.26171875 0.63359375 0.0453125 0.15625
12 0.184375 0.80546875 0.03671875 0.2734375
12 0.08203125 0.9046875 0.0578125 0.18984375
9 0.08359375 0.93203125 0.0484375 0.1359375
11 0.18515625 0.81875 0.03203125 0.2078125
12 0.23359375 0.7671875 0.0484375 0.23046875
12 0.16640625 0.63203125 0.01328125 0.1734375
11 0.2375 0.7671875 0.04140625 0.15078125
12 0.38046875 0.784375 0.03125 0.23828125
11 0.38203125 0.77890625 0.02734375 0.17109375
3 0.3796875 0.671875 0.0234375 0.0265625
3 0.38203125 0.6421875 0.021875 0.028125
3 0.16640625 0.5515625 0.01640625 0.02109375
3 0.17890625 0.68125 0.025 0.0296875
13 0.37265625 0.88984375 0.02421875 0.02734375
3 0.2421875 0.66796875 0.02421875 0.02578125
13 0.18515625 0.93203125 0.0234375 0.021875
13 0.24609375 0.8625 0.01640625 0.0421875
3 0.253125 0.56328125 0.01875 0.02265625
7 0.065625 0.82578125 0.025 0.03203125
9 0.2578125 0.63671875 0.02890625 0.10859375
13 0.21875 0.85703125 0.021875 0.0421875