12 0.6828125 0.715625 0.02734375 0.221875
11 0.68203125 0.72421875 0.02578125 0.1578125
12 0.6140625 0.70390625 0.01796875 0.20859375
12 0.64140625 0.64453125 0.02890625 0.1765625
12 0.67265625 0.61171875 0.0265625 0.13984375
12 0.6953125 0.64921875 0.01875 0.184375
12 0.74765625 0.5734375 0.025 0.13984375
12 0.59609375 0.73828125 0.03515625 0.22265625
3 0.59921875 0.6375 0.021875 0.025
3 0.6140625 0.6125 0.0203125 0.025
3 0.64453125 0.5671875 0.01875 0.01953125
3 0.67421875 0.5515625 0.01640625 0.0203125
3 0.6953125 0.57109375 0.0171875 0.025
3 0.75390625 0.51328125 0.01015625 0.01796875
11 0.74453125 0.56875 0.01796875 0.08671875
11 0.69765625 0.6609375 0.0171875 0.1375
11 0.671875 0.62734375 0.0265625 0.1078125
11 0.59296875 0.74453125 0.03125 0.171875
3 0.68125 0.61328125 0.01875 0.02734375
13 0.684375 0.81640625 0.01171875 0.0328125
13 0.6046875 0.83984375 0.01875 0.0203125
13 0.7453125 0.63046875 0.01015625 0.03046875
9 0.640625 0.64765625 0.0296875 0.12421875
11 0.6171875 0.71484375 0.021875 0.153125
13 0.6140625 0.8 0.01484375 0.0171875