12 0.871875 0.7328125 0.04296875 0.20078125
12 0.7328125 0.61171875 0.0203125 0.16171875
12 0.6671875 0.759375 0.053125 0.24296875
11 0.73203125 0.6125 0.021875 0.10703125
11 0.66796875 0.7703125 0.05078125 0.18984375
12 0.57421875 0.75390625 0.0296875 0.22421875
11 0.57421875 0.75859375 0.0265625 0.16875
12 0.5890625 0.71484375 0.02578125 0.21484375
3 0.57890625 0.65703125 0.021875 0.025
3 0.58125 0.625 0.02109375 0.0265625
3 0.734375 0.53828125 0.0171875 0.02109375
3 0.659375 0.6375 0.021875 0.02265625
13 0.575 0.85625 0.0203125 0.01953125
13 0.72421875 0.6796875 0.01171875 0.0234375
3 0.6671875 0.65390625 0.01875 0.02421875
13 0.665625 0.86484375 0.01015625 0.02578125
13 0.65234375 0.8703125 0.01953125 0.02109375
3 0.88359375 0.63984375 0.01796875 0.02578125
11 0.875 0.72890625 0.03203125 0.1109375
13 0.86796875 0.8125 0.0125 0.0453125
13 0.85546875 0.79609375 0.0109375 0.03828125