12 0.340625 0.7328125 0.03984375 0.22421875
11 0.340625 0.7421875 0.04140625 0.1703125
12 0.396875 0.70703125 0.02734375 0.2046875
12 0.3640625 0.6484375 0.025 0.17265625
12 0.33125 0.58359375 0.0296875 0.065625
12 0.3125 0.653125 0.01875 0.18125
12 0.28125 0.584375 0.02421875 0.140625
12 0.41640625 0.73984375 0.034375 0.21953125
3 0.41171875 0.640625 0.021875 0.02421875
3 0.40078125 0.61796875 0.01953125 0.025
3 0.3625 0.56953125 0.01953125 0.02421875
3 0.3265625 0.56015625 0.015625 0.01953125
3 0.3171875 0.5734375 0.01640625 0.025
3 0.28515625 0.51875 0.01171875 0.015625
11 0.28203125 0.57890625 0.02265625 0.08515625
11 0.3125 0.66484375 0.0171875 0.13515625
11 0.33046875 0.62734375 0.021875 0.08984375
11 0.4140625 0.74765625 0.0234375 0.15703125
3 0.34140625 0.63046875 0.01875 0.0265625
13 0.353125 0.834375 0.021875 0.01953125
13 0.4078125 0.83671875 0.01484375 0.02109375
13 0.33359375 0.83046875 0.01171875 0.01796875
13 0.27421875 0.63984375 0.0109375 0.03203125
9 0.36640625 0.6546875 0.0296875 0.1203125
13 0.31328125 0.7375 0.01875 0.01328125
13 0.28828125 0.6375 0.00703125 0.03125
11 0.3953125 0.71328125 0.01640625 0.159375
13 0.39375 0.80078125 0.01484375 0.0171875