12 0.1984375 0.72265625 0.040625 0.19609375
12 0.26796875 0.7171875 0.034375 0.18671875
12 0.36640625 0.75078125 0.0390625 0.22890625
11 0.3625 0.753125 0.0359375 0.16953125
12 0.27734375 0.59375 0.02109375 0.11796875
12 0.32265625 0.7265625 0.0375 0.2015625
11 0.27734375 0.60078125 0.0203125 0.0890625
11 0.328125 0.7296875 0.025 0.13359375
12 0.4390625 0.746875 0.028125 0.2140625
11 0.43984375 0.7421875 0.02421875 0.15390625
3 0.4375 0.64609375 0.02109375 0.0234375
3 0.43984375 0.61953125 0.0203125 0.025
3 0.27421875 0.54296875 0.01640625 0.0203125
3 0.36875 0.65 0.01875 0.02890625
13 0.43203125 0.84140625 0.021875 0.02421875
3 0.3265625 0.63671875 0.021875 0.0234375
13 0.334375 0.80703125 0.01640625 0.0328125
13 0.3140625 0.81328125 0.02109375 0.03984375
3 0.2 0.63125 0.01640625 0.025
11 0.26875 0.7046875 0.03359375 0.1125
13 0.28203125 0.78828125 0.01015625 0.04765625
13 0.2625 0.7875 0.01328125 0.046875
3 0.2671875 0.63359375 0.01640625 0.025
13 0.18828125 0.796875 0.01796875 0.04453125
13 0.36875 0.8609375 0.02109375 0.0203125
11 0.19765625 0.7125 0.0359375 0.1203125
13 0.2140625 0.7953125 0.01015625 0.0453125