12 0.34375 0.64140625 0.0203125 0.1796875
12 0.378125 0.70859375 0.0359375 0.2046875
12 0.4140625 0.74375 0.046875 0.21328125
11 0.41875 0.746875 0.03828125 0.17109375
11 0.37734375 0.72265625 0.0328125 0.1546875
12 0.42109375 0.6484375 0.0265625 0.0828125
12 0.3921875 0.6828125 0.02890625 0.1484375
3 0.4140625 0.6453125 0.02265625 0.02890625
3 0.4203125 0.6203125 0.01953125 0.025
3 0.39375 0.61796875 0.015625 0.01953125
3 0.34296875 0.56171875 0.01640625 0.01953125
3 0.36953125 0.6171875 0.01875 0.0265625
13 0.4 0.8359375 0.021875 0.021875
13 0.37421875 0.80390625 0.01875 0.0171875
11 0.34296875 0.63984375 0.01953125 0.12265625
13 0.34375 0.7125 0.01875 0.028125
11 0.390625 0.70546875 0.0296875 0.1265625