12 0.653125 0.64765625 0.021875 0.18984375
12 0.6171875 0.71796875 0.0375 0.21640625
12 0.57890625 0.75546875 0.04921875 0.22578125
11 0.57421875 0.75859375 0.040625 0.18125
11 0.61875 0.73359375 0.034375 0.16328125
12 0.57265625 0.6546875 0.028125 0.08828125
12 0.60234375 0.69140625 0.03046875 0.15703125
3 0.5796875 0.6515625 0.02421875 0.03046875
3 0.57265625 0.625 0.02109375 0.0265625
3 0.60078125 0.62265625 0.0171875 0.02109375
3 0.6546875 0.5625 0.0171875 0.02109375
3 0.6265625 0.621875 0.01953125 0.028125
13 0.59375 0.853125 0.02265625 0.0234375
13 0.62109375 0.81953125 0.01953125 0.01796875
11 0.6546875 0.64609375 0.02109375 0.1296875
13 0.65390625 0.72265625 0.01953125 0.0296875
11 0.60390625 0.71484375 0.03125 0.134375