12 0.69765625 0.6234375 0.01953125 0.153125
12 0.65625 0.71640625 0.0328125 0.225
12 0.62421875 0.74765625 0.040625 0.21953125
11 0.61953125 0.75546875 0.03203125 0.1828125
11 0.6578125 0.7296875 0.0359375 0.16875
12 0.609375 0.6515625 0.028125 0.09453125
12 0.68046875 0.65859375 0.0296875 0.18359375
3 0.61953125 0.6515625 0.02421875 0.03046875
3 0.61328125 0.6171875 0.02109375 0.0265625
3 0.67265625 0.57890625 0.0171875 0.02109375
3 0.6984375 0.55390625 0.01796875 0.02109375
11 0.6828125 0.6578125 0.01953125 0.1265625
3 0.66171875 0.61328125 0.01953125 0.028125
13 0.63359375 0.8484375 0.0234375 0.0234375
13 0.66171875 0.81796875 0.0203125 0.01875
11 0.69453125 0.63359375 0.01796875 0.10859375