12 0.15078125 0.72265625 0.0453125 0.21015625
12 0.29609375 0.59609375 0.02109375 0.16953125
12 0.36484375 0.75078125 0.05546875 0.25390625
11 0.296875 0.596875 0.0234375 0.11171875
11 0.3640625 0.76171875 0.053125 0.1984375
12 0.4625 0.7453125 0.03125 0.234375
11 0.4625 0.75 0.02734375 0.1765625
12 0.44765625 0.70390625 0.02734375 0.225
3 0.4578125 0.64375 0.0234375 0.02578125
3 0.45546875 0.61015625 0.021875 0.02734375
3 0.2953125 0.51953125 0.01796875 0.021875
3 0.3734375 0.6234375 0.02265625 0.0234375
13 0.46171875 0.8515625 0.021875 0.0203125
13 0.30546875 0.6671875 0.0125 0.02421875
3 0.365625 0.640625 0.01953125 0.02578125
13 0.36640625 0.8609375 0.0109375 0.02734375
13 0.38125 0.8671875 0.0203125 0.02265625
3 0.1390625 0.62578125 0.01875 0.02734375
11 0.14765625 0.71875 0.0328125 0.11640625
13 0.1546875 0.80625 0.01328125 0.046875
13 0.16796875 0.7890625 0.01171875 0.040625