12 0.71328125 0.87421875 0.06484375 0.24921875
9 0.71171875 0.87734375 0.034375 0.18671875
12 0.59921875 0.95546875 0.04765625 0.08828125
12 0.70390625 0.60390625 0.01953125 0.15703125
12 0.640625 0.74765625 0.040625 0.23515625
11 0.70390625 0.60390625 0.021875 0.103125
11 0.64140625 0.759375 0.03671875 0.184375
12 0.5578125 0.7390625 0.03671875 0.2171875
11 0.55390625 0.746875 0.0265625 0.1640625
12 0.57265625 0.70390625 0.02421875 0.20859375
3 0.55546875 0.63984375 0.021875 0.02421875
3 0.56171875 0.6171875 0.0203125 0.02578125
3 0.70390625 0.53125 0.0171875 0.0203125
3 0.628125 0.63359375 0.01875 0.02734375
13 0.56953125 0.83828125 0.0203125 0.01875
13 0.553125 0.8375 0.01484375 0.0140625
13 0.7015625 0.66953125 0.0109375 0.02265625
7 0.72890625 0.75859375 0.0203125 0.03046875
7 0.6078125 0.925 0.03046875 0.03203125
3 0.6421875 0.64375 0.01875 0.02734375
10 0.72734375 0.975 0.02265625 0.025
10 0.69453125 0.98515625 0.0203125 0.0296875
9 0.59765625 0.9796875 0.04375 0.040625
13 0.62890625 0.8578125 0.0203125 0.02109375
13 0.6453125 0.853125 0.009375 0.025