3 0.57109375 0.91796875 0.0359375 0.04765625
3 0.284375 0.93515625 0.0328125 0.04765625
3 0.525 0.61640625 0.02265625 0.025
3 0.584375 0.6078125 0.0203125 0.02578125
3 0.6375 0.56015625 0.0203125 0.02578125
3 0.67578125 0.55 0.01640625 0.0203125
3 0.6890625 0.5625 0.0171875 0.02578125
3 0.75078125 0.52578125 0.01484375 0.01796875
11 0.7453125 0.5875 0.02265625 0.09375
11 0.6890625 0.6609375 0.0171875 0.13125
11 0.66875 0.62890625 0.03359375 0.1125
11 0.59375 0.7046875 0.03046875 0.14296875
11 0.57109375 0.74375 0.0359375 0.1453125
11 0.52421875 0.7234375 0.0390625 0.15625
3 0.58125 0.646875 0.02109375 0.04140625
11 0.5671875 0.978125 0.07109375 0.04375
11 0.29140625 0.98203125 0.0546875 0.0359375
13 0.58984375 0.8359375 0.02265625 0.02265625
13 0.56796875 0.853125 0.0140625 0.0171875
13 0.53125 0.815625 0.01484375 0.021875
13 0.6046875 0.81875 0.01484375 0.021875
13 0.6734375 0.7078125 0.01171875 0.04140625
13 0.6546875 0.7078125 0.0140625 0.03125
13 0.7421875 0.66015625 0.01484375 0.03359375
9 0.63359375 0.64609375 0.03046875 0.125
12 0.74609375 0.59609375 0.02734375 0.16484375
12 0.68984375 0.64765625 0.01875 0.1890625
12 0.6640625 0.63125 0.03671875 0.18515625
12 0.63359375 0.63984375 0.02890625 0.178125
12 0.59296875 0.7125 0.03046875 0.23046875
12 0.57734375 0.74375 0.03984375 0.23203125
12 0.52421875 0.71328125 0.0390625 0.21015625
12 0.56640625 0.94765625 0.06953125 0.1046875
12 0.2921875 0.95390625 0.053125 0.0921875