12 0.6328125 0.6265625 0.0234375 0.18046875
12 0.615625 0.74296875 0.04296875 0.22890625
12 0.55078125 0.7703125 0.05078125 0.2375
11 0.54921875 0.778125 0.0421875 0.1890625
11 0.59140625 0.75234375 0.0359375 0.1703125
12 0.54296875 0.671875 0.0328125 0.10078125
12 0.5875 0.73671875 0.03984375 0.2125
3 0.5484375 0.66484375 0.025 0.03125
3 0.54453125 0.63828125 0.021875 0.02734375
3 0.5953125 0.64296875 0.01953125 0.025
3 0.6390625 0.54453125 0.01796875 0.021875
3 0.625 0.63828125 0.0203125 0.02890625
13 0.565625 0.8765625 0.0234375 0.02421875
13 0.6015625 0.84296875 0.01875 0.021875
11 0.6359375 0.6234375 0.02265625 0.115625
13 0.63046875 0.7015625 0.01328125 0.02734375
13 0.546875 0.87421875 0.0171875 0.01640625
13 0.615625 0.69609375 0.009375 0.02265625
13 0.57734375 0.8296875 0.01875 0.0171875
11 0.61796875 0.75859375 0.04140625 0.17421875