12 0.2640625 0.6140625 0.0265625 0.1546875
12 0.140625 0.7203125 0.028125 0.1984375
12 0.16328125 0.75078125 0.05546875 0.196875
12 0.33984375 0.753125 0.05390625 0.23671875
11 0.33671875 0.7546875 0.040625 0.16953125
12 0.3 0.72578125 0.040625 0.1953125
11 0.26328125 0.615625 0.0234375 0.1046875
12 0.43671875 0.74296875 0.028125 0.2125
11 0.43828125 0.73828125 0.02421875 0.15234375
3 0.4359375 0.64296875 0.02109375 0.0234375
3 0.43828125 0.61640625 0.01953125 0.025
3 0.259375 0.54375 0.01484375 0.01875
3 0.325 0.64609375 0.02265625 0.02578125
13 0.43046875 0.83671875 0.021875 0.02421875
3 0.31328125 0.640625 0.02109375 0.02265625
13 0.3328125 0.80546875 0.01640625 0.0328125
13 0.290625 0.80703125 0.0203125 0.0375
3 0.13359375 0.63671875 0.01640625 0.02421875
11 0.16875 0.740625 0.03125 0.11796875
13 0.18125 0.815625 0.02421875 0.04140625
3 0.159375 0.66484375 0.01640625 0.02421875
13 0.16484375 0.80078125 0.0234375 0.04375
13 0.35703125 0.84765625 0.021875 0.0359375
11 0.14453125 0.71640625 0.01875 0.11796875
13 0.14921875 0.82421875 0.02578125 0.05
11 0.309375 0.72734375 0.03359375 0.1359375
13 0.31640625 0.8125 0.0140625 0.0375
13 0.32109375 0.8515625 0.0203125 0.02890625
12 0.0953125 0.875 0.04296875 0.25
9 0.09375 0.88671875 0.03828125 0.14375