12 0.71953125 0.690625 0.02265625 0.19765625
12 0.68203125 0.77109375 0.03984375 0.23671875
12 0.6421875 0.803125 0.05078125 0.23515625
11 0.6375 0.80625 0.0421875 0.1890625
11 0.6828125 0.7796875 0.0359375 0.1703125
12 0.63515625 0.69765625 0.02890625 0.09140625
12 0.66640625 0.7359375 0.03125 0.1640625
3 0.64296875 0.69453125 0.025 0.03125
3 0.640625 0.66484375 0.021875 0.02734375
3 0.66484375 0.66484375 0.0171875 0.021875
3 0.7203125 0.60234375 0.01796875 0.021875
3 0.69140625 0.6640625 0.0203125 0.02890625
13 0.6578125 0.9046875 0.0234375 0.02421875
13 0.6859375 0.86953125 0.0203125 0.01875
11 0.7203125 0.6890625 0.021875 0.13515625
13 0.71953125 0.7703125 0.0171875 0.034375
11 0.66796875 0.7609375 0.0328125 0.13984375