12 0.78125 0.8578125 0.05390625 0.24375
9 0.78359375 0.86015625 0.0421875 0.17890625
12 0.6828125 0.94765625 0.059375 0.1046875
12 0.69921875 0.60078125 0.0203125 0.159375
12 0.6359375 0.74609375 0.04140625 0.23828125
11 0.7 0.60078125 0.021875 0.1046875
11 0.63671875 0.75859375 0.0375 0.18671875
12 0.55234375 0.7375 0.03671875 0.2203125
11 0.5484375 0.7453125 0.02734375 0.165625
12 0.5671875 0.70234375 0.02421875 0.2109375
3 0.55 0.6375 0.021875 0.02421875
3 0.55625 0.6140625 0.0203125 0.02578125
3 0.69921875 0.52734375 0.0171875 0.0203125
3 0.62890625 0.63046875 0.01484375 0.021875
13 0.5625 0.83828125 0.0203125 0.01953125
13 0.54765625 0.8375 0.015625 0.0140625
13 0.69765625 0.66796875 0.01171875 0.02265625
7 0.79609375 0.74765625 0.0203125 0.03125
7 0.69921875 0.915625 0.03046875 0.03203125
3 0.62421875 0.646875 0.01796875 0.02421875
10 0.78671875 0.96484375 0.02265625 0.025
10 0.7671875 0.97578125 0.02109375 0.03046875
9 0.68125 0.97265625 0.05078125 0.05390625
13 0.640625 0.8546875 0.01015625 0.02578125
13 0.6234375 0.859375 0.01875 0.02109375