12 0.27109375 0.709375 0.034375 0.18515625
12 0.365625 0.73515625 0.0390625 0.2265625
11 0.36796875 0.74609375 0.0328125 0.1671875
12 0.275 0.59609375 0.01875 0.14296875
12 0.321875 0.71796875 0.0390625 0.209375
11 0.2765625 0.59765625 0.0203125 0.0890625
11 0.32890625 0.72109375 0.0234375 0.1421875
12 0.43671875 0.74296875 0.028125 0.2125
11 0.43671875 0.75234375 0.0234375 0.15234375
12 0.43984375 0.6390625 0.028125 0.0734375
3 0.4359375 0.64296875 0.02109375 0.0234375
3 0.43828125 0.61640625 0.01953125 0.025
3 0.271875 0.53671875 0.01640625 0.01953125
3 0.371875 0.6328125 0.0203125 0.02109375
13 0.434375 0.834375 0.021875 0.02421875
3 0.328125 0.628125 0.02109375 0.02265625
13 0.33203125 0.79921875 0.01640625 0.0328125
13 0.3140625 0.80390625 0.0203125 0.0390625
3 0.2484375 0.61015625 0.01640625 0.02421875
11 0.27109375 0.70078125 0.03359375 0.1109375
13 0.284375 0.778125 0.01015625 0.04140625
13 0.2703125 0.77734375 0.01015625 0.04140625
3 0.2609375 0.6296875 0.01640625 0.02421875
12 0.24765625 0.68515625 0.01328125 0.175
13 0.25078125 0.75078125 0.01015625 0.04140625
13 0.3515625 0.83359375 0.01640625 0.0328125
13 0.37578125 0.83515625 0.01875 0.0203125
11 0.2484375 0.684375 0.0171875 0.0984375