12 0.61796875 0.71953125 0.02734375 0.21640625
12 0.5828125 0.746875 0.0390625 0.21015625
11 0.578125 0.75234375 0.03046875 0.175
11 0.621875 0.72890625 0.0203125 0.165625
12 0.5703125 0.653125 0.0265625 0.090625
12 0.63828125 0.66015625 0.028125 0.184375
3 0.57890625 0.65 0.02265625 0.025
3 0.57578125 0.62265625 0.0203125 0.02578125
3 0.65390625 0.56484375 0.01640625 0.0203125
3 0.64921875 0.57578125 0.0171875 0.0203125
11 0.65 0.65234375 0.03046875 0.12265625
3 0.621875 0.61953125 0.01875 0.02734375
13 0.590625 0.85234375 0.01484375 0.0234375
13 0.58828125 0.84609375 0.015625 0.0171875
13 0.61875 0.81875 0.01640625 0.01796875