12 0.31015625 0.71953125 0.03359375 0.22890625
11 0.31171875 0.728125 0.0265625 0.16171875
12 0.38125 0.70703125 0.01796875 0.2140625
12 0.35390625 0.646875 0.0296875 0.18046875
12 0.31640625 0.6265625 0.0265625 0.15625
12 0.29765625 0.65078125 0.01953125 0.18984375
12 0.24609375 0.57265625 0.02578125 0.14375
12 0.39765625 0.7421875 0.03125 0.22890625
3 0.396875 0.6390625 0.02265625 0.02578125
3 0.38203125 0.61328125 0.0203125 0.02578125
3 0.35078125 0.56640625 0.01875 0.0203125
3 0.31953125 0.55078125 0.01640625 0.0203125
3 0.29765625 0.5703125 0.0171875 0.02578125
3 0.240625 0.5125 0.0109375 0.01875
11 0.24765625 0.56796875 0.01875 0.0890625
11 0.29609375 0.6625 0.01796875 0.14140625
11 0.31875 0.6296875 0.02265625 0.1125
11 0.403125 0.74921875 0.03203125 0.17578125
3 0.3125 0.6140625 0.01953125 0.02734375
13 0.309375 0.82265625 0.01171875 0.03359375
13 0.39140625 0.846875 0.01875 0.02109375
13 0.2453125 0.62734375 0.015625 0.03046875
9 0.3546875 0.64921875 0.03046875 0.12734375
11 0.378125 0.71875 0.021875 0.1578125
13 0.38125 0.80546875 0.015625 0.01796875