12 0.26328125 0.69140625 0.03203125 0.17421875
12 0.36328125 0.7234375 0.034375 0.203125
11 0.36328125 0.759375 0.02265625 0.065625
12 0.2765625 0.60234375 0.01953125 0.15390625
12 0.3375 0.7328125 0.03125 0.22265625
11 0.2765625 0.609375 0.01953125 0.11171875
11 0.3453125 0.73828125 0.03359375 0.17109375
12 0.44453125 0.7390625 0.028125 0.2125
11 0.44609375 0.7453125 0.02421875 0.1453125
12 0.43046875 0.7015625 0.025 0.20390625
3 0.44140625 0.646875 0.02109375 0.0234375
3 0.43828125 0.61640625 0.01953125 0.025
3 0.275 0.5359375 0.01640625 0.01953125
3 0.35 0.63515625 0.0078125 0.01796875
13 0.44375 0.8359375 0.01953125 0.01875
3 0.3390625 0.628125 0.02109375 0.02265625
13 0.35703125 0.83125 0.015625 0.02421875
13 0.278125 0.665625 0.015625 0.02421875
13 0.33515625 0.83046875 0.01328125 0.021875
3 0.26015625 0.5921875 0.01640625 0.02421875
11 0.2609375 0.67421875 0.0296875 0.125
13 0.2734375 0.75546875 0.01015625 0.04140625
13 0.25859375 0.75546875 0.01015625 0.04140625
3 0.26015625 0.6140625 0.01640625 0.02421875