12 0.67421875 0.73125 0.0328125 0.22265625
11 0.67265625 0.7390625 0.02578125 0.1578125
12 0.6046875 0.71875 0.01796875 0.20859375
12 0.63203125 0.66015625 0.02890625 0.17578125
12 0.6671875 0.6109375 0.02734375 0.09375
12 0.684375 0.6640625 0.01875 0.184375
12 0.73046875 0.58984375 0.025 0.13984375
12 0.58828125 0.753125 0.03046875 0.22265625
3 0.58984375 0.65234375 0.021875 0.025
3 0.60390625 0.62734375 0.0203125 0.025
3 0.63125 0.58125 0.01875 0.01953125
3 0.671875 0.57109375 0.01640625 0.0203125
3 0.6859375 0.5859375 0.0171875 0.025
3 0.73515625 0.5265625 0.01015625 0.01796875
11 0.734375 0.58359375 0.01796875 0.08671875
11 0.6875 0.67578125 0.0171875 0.1375
11 0.665625 0.62421875 0.02265625 0.07109375
11 0.58359375 0.759375 0.03125 0.171875
3 0.671875 0.628125 0.01875 0.02734375
13 0.675 0.83125 0.01171875 0.0328125
13 0.59453125 0.8546875 0.01875 0.0203125
13 0.7328125 0.63984375 0.01171875 0.028125
9 0.63203125 0.6625 0.0296875 0.12421875
11 0.6078125 0.73046875 0.021875 0.153125
13 0.6046875 0.81484375 0.01484375 0.0171875
13 0.721875 0.64453125 0.01015625 0.0328125