12 0.29921875 0.8015625 0.059375 0.2609375
12 0.1359375 0.89921875 0.05625 0.2015625
9 0.13671875 0.921875 0.046875 0.15625
11 0.30234375 0.81796875 0.04296875 0.1953125
12 0.3296875 0.765625 0.02578125 0.2265625
12 0.27109375 0.64140625 0.02265625 0.1671875
11 0.32421875 0.7671875 0.034375 0.1421875
11 0.27109375 0.64296875 0.01953125 0.1125
12 0.4609375 0.78046875 0.03046875 0.2296875
11 0.4625 0.77578125 0.0265625 0.16484375
3 0.46015625 0.67265625 0.02265625 0.025
3 0.4625 0.64375 0.02109375 0.02734375
3 0.2671875 0.565625 0.015625 0.0203125
3 0.2890625 0.68671875 0.02421875 0.028125
13 0.45390625 0.88203125 0.0234375 0.02578125
3 0.3265625 0.66875 0.0234375 0.025
13 0.27890625 0.9109375 0.01953125 0.0265625
3 0.0375 0.6828125 0.01796875 0.0265625
3 0.0328125 0.69921875 0.01328125 0.01875
13 0.31484375 0.915625 0.02265625 0.03359375
13 0.33125 0.85625 0.015625 0.040625
3 0.28671875 0.5640625 0.01796875 0.021875
7 0.1328125 0.8109375 0.0171875 0.028125