12 0.6578125 0.7234375 0.04140625 0.225
12 0.6015625 0.746875 0.0421875 0.21796875
11 0.5984375 0.75546875 0.03984375 0.1640625
12 0.734375 0.7078125 0.04453125 0.2015625
9 0.73359375 0.70859375 0.040625 0.14765625
11 0.66015625 0.7296875 0.0328125 0.15546875
12 0.59140625 0.6515625 0.03203125 0.08046875
12 0.6546875 0.65625 0.02578125 0.1828125
3 0.60078125 0.65234375 0.021875 0.02421875
3 0.5984375 0.62421875 0.0203125 0.025
3 0.6453125 0.5625 0.01640625 0.0203125
3 0.653125 0.57421875 0.01640625 0.0203125
11 0.65078125 0.6125 0.02734375 0.02734375
3 0.65234375 0.62421875 0.01875 0.0265625
13 0.6140625 0.828125 0.01953125 0.03828125
13 0.59453125 0.8421875 0.01484375 0.0171875
7 0.734375 0.61640625 0.021875 0.0234375
13 0.65078125 0.82421875 0.015625 0.0171875
13 0.6734375 0.8234375 0.01171875 0.0203125