12 0.3390625 0.60859375 0.02109375 0.16328125
12 0.3546875 0.7140625 0.0390625 0.2078125
12 0.4140625 0.7390625 0.04609375 0.215625
11 0.41484375 0.74609375 0.03828125 0.17109375
11 0.3765625 0.72265625 0.0328125 0.1546875
12 0.42109375 0.65 0.0296875 0.09140625
12 0.38046875 0.70859375 0.0359375 0.19296875
3 0.415625 0.64296875 0.02265625 0.02890625
3 0.41875 0.61953125 0.01953125 0.025
3 0.3734375 0.6234375 0.0171875 0.02265625
3 0.33359375 0.534375 0.01640625 0.01953125
3 0.34609375 0.61953125 0.01875 0.0265625
13 0.4 0.8359375 0.021875 0.021875
13 0.3671875 0.80546875 0.0171875 0.0203125
11 0.3359375 0.60625 0.0203125 0.10546875
13 0.34140625 0.6765625 0.0125 0.02421875
13 0.41796875 0.83359375 0.015625 0.01484375
13 0.3546875 0.671875 0.00859375 0.0203125
13 0.3890625 0.79296875 0.0171875 0.015625
11 0.35234375 0.728125 0.0375 0.1578125