1 0.56171875 0.4421875 0.6265625 0.334375
3 0.4578125 0.71015625 0.075 0.03125
3 0.5125 0.6921875 0.0484375 0.0265625
8 0.51640625 0.715625 0.03515625 0.01015625
8 0.47578125 0.73515625 0.02421875 0.01328125
2 0.4875 0.8421875 0.0359375 0.034375
12 0.46171875 0.828125 0.1609375 0.26640625
12 0.55546875 0.80234375 0.17109375 0.2515625
3 0.45703125 0.55703125 0.00859375 0.00390625
12 0.45546875 0.5703125 0.0203125 0.03203125
3 0.46171875 0.58359375 0.009375 0.00390625
12 0.459375 0.59765625 0.02109375 0.0328125