1 0.84140625 0.19765625 0.25390625 0.29453125
1 0.23125 0.45703125 0.1578125 0.1671875
1 0.76875 0.47109375 0.34921875 0.32265625
1 0.43359375 0.5203125 0.271875 0.19296875
1 0.5203125 0.30625 0.06953125 0.234375
12 0.484375 0.45703125 0.0140625 0.02734375
3 0.48125 0.4484375 0.0046875 0.00859375
3 0.584375 0.63046875 0.01015625 0.0125
8 0.5859375 0.640625 0.00625 0.0078125
12 0.590625 0.64140625 0.02109375 0.034375
3 0.82265625 0.5015625 0.0078125 0.00703125
12 0.82109375 0.52421875 0.02421875 0.0546875
3 0.715625 0.1109375 0.00546875 0.00703125
3 0.88203125 0.2171875 0.009375 0.01015625
12 0.8828125 0.2328125 0.01796875 0.0453125
12 0.71875 0.11796875 0.01171875 0.0234375
3 0.38359375 0.41953125 0.00546875 0.00703125
3 0.39296875 0.41875 0.00546875 0.00546875
3 0.3765625 0.41796875 0.00703125 0.00625
3 0.3609375 0.4328125 0.00625 0.00703125
12 0.3921875 0.42421875 0.01015625 0.0171875
12 0.38359375 0.42421875 0.00625 0.0171875
12 0.375 0.42890625 0.0109375 0.02890625
12 0.36171875 0.4390625 0.01171875 0.021875