1 0.571875 0.44453125 0.60546875 0.32109375
3 0.47109375 0.70234375 0.071875 0.03046875
3 0.52421875 0.684375 0.046875 0.02578125
8 0.528125 0.70703125 0.03359375 0.01015625
8 0.4890625 0.72578125 0.0234375 0.0125
2 0.50078125 0.82890625 0.034375 0.0328125
12 0.475 0.81484375 0.15546875 0.25546875
12 0.565625 0.790625 0.16484375 0.2421875
3 0.47109375 0.5546875 0.0078125 0.00390625
12 0.46875 0.56796875 0.01953125 0.03046875
3 0.475 0.58046875 0.009375 0.00390625
12 0.4734375 0.59375 0.0203125 0.03125