1 0.7125 0.60625 0.41953125 0.51953125
7 0.78359375 0.6875 0.01015625 0.00859375
7 0.696875 0.84296875 0.01171875 0.01015625
7 0.6265625 0.81171875 0.01171875 0.0140625
8 0.62890625 0.82578125 0.00859375 0.00546875
8 0.69765625 0.8609375 0.0078125 0.0078125
12 0.77578125 0.71640625 0.0359375 0.06796875
2 0.6171875 0.8859375 0.0109375 0.01484375
12 0.70546875 0.91640625 0.04296875 0.15625
3 0.8375 0.86484375 0.01171875 0.0125
12 0.828125 0.921875 0.034375 0.13046875
12 0.6265625 0.87890625 0.0328125 0.1515625