1 0.65546875 0.6609375 0.0328125 0.0609375
1 0.809375 0.87421875 0.0859375 0.07109375
12 0.08984375 0.71171875 0.00703125 0.0171875
3 0.2515625 0.75078125 0.00390625 0.003125
12 0.2515625 0.76328125 0.00546875 0.02734375
3 0.3171875 0.84296875 0.0046875 0.0046875
12 0.31796875 0.85859375 0.0078125 0.03515625
3 0.79609375 0.78984375 0.0046875 0.00390625
3 0.77421875 0.7828125 0.00390625 0.0046875
12 0.79609375 0.80625 0.0125 0.0359375
12 0.775 0.79765625 0.0078125 0.0328125
12 0.76015625 0.79296875 0.00859375 0.03203125
12 0.753125 0.79453125 0.0078125 0.03359375
12 0.5671875 0.9734375 0.0203125 0.05
3 0.44921875 0.8921875 0.00625 0.00625
3 0.47578125 0.89609375 0.0046875 0.0046875
12 0.45 0.89921875 0.009375 0.021875
12 0.47578125 0.9046875 0.00859375 0.02109375
12 0.67421875 0.7484375 0.00859375 0.025
3 0.6109375 0.7109375 0.003125 0.003125
12 0.6109375 0.71875 0.0078125 0.01796875
12 0.703125 0.6984375 0.0078125 0.01953125
12 0.353125 0.76328125 0.0109375 0.0359375
12 0.4140625 0.7796875 0.00859375 0.02734375
12 0.4859375 0.77734375 0.00625 0.01875