3 0.5905315609375 0.1310215953125 0.5863787375 0.18293189375000002 0.6507475078125 0.170473421875 0.6611295687500001 0.145556478125 0.6549003328125 0.1164867109375 0.647632890625 0.10921926875000001 0.6310215953125 0.100913621875 0.6050664453125 0.1040282390625 0.5905315609375 0.1310215953125
3 0.430647840625 0.2140780734375 0.4431063125 0.23068936875 0.4815199328125 0.2296511625 0.49086378750000004 0.21615448437499998 0.48671096406250003 0.18500830625 0.47113787343749997 0.169435215625 0.4482973421875 0.169435215625 0.4368770765625 0.1787790703125 0.430647840625 0.2140780734375
3 0.239617940625 0.13932724218749998 0.30087209375 0.136212625 0.30606312343750003 0.12271594687500001 0.2998338875 0.10195182656249999 0.27387873749999997 0.096760796875 0.25103820625 0.10299003281250001 0.237541528125 0.1268687703125 0.239617940625 0.13932724218749998
13 0.7005813953125 1 0.7005813953125 0.8992940203125 0.697466778125 0.894102990625 0.6517857140625 0.894102990625 0.646594684375 0.8889119593749999 0.646594684375 0.8515365453125 0.619601328125 0.845307309375 0.6019518265625 0.8068936875 0.6029900328125 0.9325166109374999 0.598837209375 0.9470514953125001 0.5863787375 0.9574335546875 0.584302325 0.9823504984375001 0.599875415625 0.985465115625 0.6164867109375 0.9813122921874999 0.624792359375 0.9709302328125 0.646594684375 0.9719684390625 0.646594684375 1 0.7005813953125 1
13 0.3496677734375 0.9761212625000001 0.3496677734375 0.9532807312499999 0.3154069765625 0.92524916875 0.307101328125 0.92524916875 0.297757475 0.97404485 0.3372093015625 0.9823504984375001 0.3496677734375 0.9761212625000001
2 0.20950996718749998 0.337624584375 0.19601328906249998 0.3573504984375 0.1980897015625 0.386420265625 0.2105481734375 0.40095515 0.2198920265625 0.40199335625000004 0.2313122921875 0.3926495015625 0.2416943515625 0.3677325578125 0.23650332187499998 0.30024916875 0.22715946874999998 0.3075166109375 0.22508305625 0.3303571421875 0.20950996718749998 0.337624584375
2 0.60921926875 0.42171926875 0.6279069765624999 0.41964285781250005 0.6320598000000001 0.3801910296875 0.58741694375 0.3687707640625 0.5801495015625 0.386420265625 0.5801495015625 0.41549003281249997 0.5832641203125 0.42068106250000004 0.60921926875 0.42171926875
4 0.46179402031250005 0.27844684375 0.47632890312500004 0.2701411953125 0.48255813906249995 0.2556063125 0.48255813906249995 0.23691860468749998 0.47529069843749994 0.231727575 0.4431063125 0.23691860468749998 0.44102990000000003 0.2514534890625 0.46179402031250005 0.27844684375
4 0.620639534375 0.194352159375 0.6434800671875001 0.194352159375 0.644518271875 0.18085548125 0.6019518265625 0.18189368749999998 0.598837209375 0.1912375421875 0.6050664453125 0.20161960156249997 0.620639534375 0.194352159375
4 0.598837209375 0.2099252484375 0.598837209375 0.2556063125 0.6029900328125 0.26806478437500003 0.619601328125 0.2825996671875 0.6289451828125 0.2836378734375 0.644518271875 0.26806478437500003 0.6507475078125 0.2514534890625 0.6455564781249999 0.20473421875 0.6061046515624999 0.20888704374999997 0.6019518265625 0.2026578078125 0.598837209375 0.2099252484375
4 0.262458471875 0.22653654531249998 0.2790697671875 0.245224253125 0.2925664453125 0.24626245781249997 0.30606312343750003 0.22861295625000003 0.30606312343750003 0.1912375421875 0.29671926875 0.18189368749999998 0.2697259140625 0.1860465109375 0.26038205937500003 0.1995431890625 0.262458471875 0.22653654531249998