1 0.71640625 0.609375 0.41015625 0.5078125
7 0.7859375 0.68828125 0.009375 0.00859375
7 0.7015625 0.84140625 0.01171875 0.009375
7 0.6328125 0.81015625 0.0109375 0.0140625
8 0.634375 0.8234375 0.0078125 0.00546875
8 0.70234375 0.8578125 0.0078125 0.0078125
12 0.778125 0.7171875 0.03515625 0.06640625
2 0.6234375 0.8828125 0.0109375 0.0140625
12 0.709375 0.9125 0.0421875 0.15234375
3 0.8390625 0.8625 0.0109375 0.0125
12 0.8296875 0.91796875 0.03359375 0.12734375
12 0.63203125 0.8765625 0.0328125 0.14765625