1 0.86875 0.2 0.26171875 0.315625
1 0.2234375 0.47734375 0.16796875 0.17890625
1 0.79765625 0.4921875 0.37265625 0.3453125
1 0.4390625 0.5453125 0.28984375 0.20703125
1 0.53203125 0.315625 0.07421875 0.25078125
12 0.49375 0.47734375 0.01484375 0.02890625
3 0.48984375 0.46796875 0.00546875 0.00859375
3 0.60078125 0.6625 0.0109375 0.01328125
8 0.6015625 0.6734375 0.00625 0.0078125
12 0.60703125 0.67421875 0.021875 0.03671875
3 0.8546875 0.52421875 0.0078125 0.0078125
12 0.853125 0.5484375 0.02578125 0.05859375
3 0.73984375 0.10703125 0.00546875 0.00703125
3 0.91796875 0.2203125 0.01015625 0.0109375
12 0.91953125 0.2375 0.01953125 0.0484375
12 0.74375 0.11484375 0.0125 0.025
3 0.3859375 0.43671875 0.00625 0.0078125
3 0.3953125 0.4359375 0.00625 0.00625
3 0.378125 0.43515625 0.00703125 0.00625
3 0.36171875 0.45078125 0.00625 0.0078125
12 0.3953125 0.4421875 0.0109375 0.01796875
12 0.38515625 0.4421875 0.00703125 0.01875
12 0.3765625 0.446875 0.01171875 0.03125
12 0.36171875 0.45859375 0.0125 0.0234375