1 0.72578125 0.390625 0.5484375 0.74921875
3 0.08359375 0.30234375 0.05546875 0.0546875
3 0.215625 0.353125 0.0375 0.03125
3 0.35390625 0.38125 0.040625 0.04375
7 0.740625 0.2890625 0.0296875 0.02109375
7 0.959375 0.496875 0.0171875 0.01484375
12 0.9578125 0.521875 0.021875 0.065625
8 0.35625 0.4140625 0.01796875 0.025
8 0.2109375 0.3859375 0.025 0.02265625
8 0.1 0.34375 0.01875 0.02578125
8 0.7375 0.3203125 0.0203125 0.0203125
12 0.74609375 0.3375 0.09375 0.1140625
12 0.35859375 0.55390625 0.0984375 0.3921875
12 0.2078125 0.525 0.125 0.378125
12 0.08359375 0.5359375 0.15703125 0.53203125
2 0.01953125 0.5265625 0.021875 0.028125