1 0.76796875 0.57265625 0.378125 0.48203125
1 0.175 0.73203125 0.17578125 0.41640625
3 0.2546875 0.63125 0.00859375 0.00859375
12 0.2546875 0.64296875 0.01015625 0.03203125
3 0.64375 0.75078125 0.01015625 0.009375
2 0.63515625 0.79609375 0.0046875 0.01015625
12 0.64453125 0.80234375 0.028125 0.11171875
3 0.41640625 0.690625 0.0078125 0.0078125
12 0.421875 0.7296875 0.015625 0.0890625
12 0.40703125 0.728125 0.01640625 0.09140625
12 0.48046875 0.8390625 0.028125 0.1140625
12 0.44921875 0.8453125 0.03125 0.11484375
12 0.42890625 0.84296875 0.02109375 0.1203125
12 0.409375 0.8390625 0.028125 0.11953125
12 0.42265625 0.7734375 0.0125 0.0171875
12 0.3984375 0.76171875 0.01640625 0.0359375
3 0.3984375 0.75078125 0.0140625 0.01484375
3 0.3828125 0.7484375 0.01015625 0.0109375
12 0.38125 0.7734375 0.0171875 0.06640625
3 0.39375 0.77890625 0.0125 0.01484375
12 0.3875 0.8359375 0.0234375 0.12890625
3 0.47734375 0.78828125 0.01171875 0.0140625
3 0.45234375 0.79375 0.01171875 0.0125
3 0.425 0.7828125 0.009375 0.0109375
3 0.4078125 0.78515625 0.0109375 0.0125
3 0.40546875 0.68828125 0.01015625 0.009375
3 0.3734375 0.69453125 0.01171875 0.0109375
3 0.3640625 0.68671875 0.009375 0.01171875
3 0.33203125 0.73984375 0.009375 0.01171875
3 0.36328125 0.74453125 0.0125 0.01328125
3 0.34765625 0.7796875 0.01171875 0.01484375
3 0.3359375 0.7875 0.0109375 0.01328125
3 0.2875 0.7625 0.0125 0.0140625
3 0.2484375 0.80859375 0.00859375 0.0171875
12 0.15390625 0.89921875 0.0234375 0.03125
12 0.265625 0.85390625 0.0453125 0.11328125
12 0.28828125 0.81328125 0.025 0.11796875
12 0.3234375 0.76953125 0.028125 0.07421875
12 0.3578125 0.83515625 0.0296875 0.125
12 0.33671875 0.8375 0.02890625 0.13046875
12 0.3609375 0.771875 0.01875 0.065625
12 0.375 0.7140625 0.0140625 0.0546875
12 0.36328125 0.709375 0.01328125 0.059375
2 0.328125 0.8390625 0.00546875 0.01171875