3 0.3720703125 0.107421875 0.365234375 0.1142578125 0.359375 0.1416015625 0.369140625 0.1650390625 0.4296875 0.1767578125 0.42578125 0.1279296875 0.412109375 0.1025390625 0.3876953125 0.099609375 0.3720703125 0.107421875
3 0.5380859375 0.1640625 0.5234375 0.1787109375 0.51953125 0.2080078125 0.5283203125 0.220703125 0.564453125 0.2216796875 0.576171875 0.2060546875 0.5703125 0.1728515625 0.5595703125 0.1640625 0.5380859375 0.1640625
3 0.69921875 0.1005859375 0.693359375 0.1201171875 0.6982421875 0.1328125 0.755859375 0.1357421875 0.7578125 0.1240234375 0.7451171875 0.1015625 0.7236328125 0.095703125 0.69921875 0.1005859375
13 0.4013671875 0.927734375 0.4169921875 0.931640625 0.431640625 0.9287109375 0.4296875 0.9052734375 0.41796875 0.8955078125 0.4140625 0.8818359375 0.4150390625 0.763671875 0.3984375 0.7998046875 0.373046875 0.8056640625 0.373046875 0.8408203125 0.3681640625 0.845703125 0.3251953125 0.845703125 0.322265625 0.8505859375 0.322265625 0.9951171875 0.3251953125 1 0.380859375 0.9990234375 0.373046875 0.9599609375 0.373046875 0.9189453125 0.3935546875 0.91796875 0.4013671875 0.927734375
13 0.65234375 0.9013671875 0.65234375 0.9228515625 0.6640625 0.9287109375 0.701171875 0.9208984375 0.6923828125 0.875 0.6845703125 0.875 0.65234375 0.9013671875
13 0.7333984375 0.95703125 0.7275390625 0.955078125 0.7001953125 0.92578125 0.701171875 0.9990234375 0.75390625 0.9990234375 0.765625 0.9638671875 0.7412109375 0.947265625 0.732421875 0.9501953125 0.7333984375 0.95703125
2 0.76953125 0.3154296875 0.767578125 0.2939453125 0.7587890625 0.287109375 0.75390625 0.3505859375 0.763671875 0.3740234375 0.7744140625 0.3828125 0.783203125 0.3818359375 0.794921875 0.3681640625 0.796875 0.3408203125 0.7841796875 0.322265625 0.76953125 0.3154296875
2 0.4287109375 0.3515625 0.38671875 0.3623046875 0.390625 0.3994140625 0.408203125 0.4013671875 0.4326171875 0.400390625 0.435546875 0.3955078125 0.435546875 0.3681640625 0.4287109375 0.3515625
4 0.52734375 0.2275390625 0.52734375 0.2451171875 0.533203125 0.2587890625 0.546875 0.2666015625 0.56640625 0.2412109375 0.564453125 0.2275390625 0.5341796875 0.22265625 0.52734375 0.2275390625
4 0.3759765625 0.1875 0.3974609375 0.1875 0.412109375 0.1943359375 0.41796875 0.1845703125 0.4150390625 0.17578125 0.375 0.1748046875 0.3759765625 0.1875
4 0.4150390625 0.1953125 0.4111328125 0.201171875 0.3740234375 0.197265625 0.369140625 0.2412109375 0.375 0.2568359375 0.3896484375 0.271484375 0.3984375 0.2705078125 0.4140625 0.2568359375 0.41796875 0.2451171875 0.41796875 0.2021484375 0.4150390625 0.1953125
4 0.7021484375 0.17578125 0.693359375 0.1845703125 0.693359375 0.2197265625 0.7060546875 0.236328125 0.71875 0.2353515625 0.734375 0.2177734375 0.736328125 0.1923828125 0.7275390625 0.1796875 0.7021484375 0.17578125