1 0.26953125 0.39453125 0.5390625 0.73828125
3 0.90234375 0.30703125 0.0546875 0.05390625
3 0.771875 0.35703125 0.03671875 0.03125
3 0.63515625 0.38515625 0.040625 0.04375
7 0.2546875 0.29453125 0.0296875 0.02109375
7 0.0390625 0.49921875 0.0171875 0.01484375
12 0.03984375 0.52421875 0.02109375 0.06484375
8 0.63359375 0.4171875 0.01796875 0.025
8 0.7765625 0.38984375 0.02421875 0.021875
8 0.8859375 0.34765625 0.01875 0.02578125
8 0.25703125 0.325 0.0203125 0.0203125
12 0.24921875 0.34140625 0.09296875 0.1125
12 0.63125 0.55546875 0.096875 0.38671875
12 0.7796875 0.5265625 0.12265625 0.3734375
12 0.90234375 0.5375 0.1546875 0.525
2 0.965625 0.52890625 0.021875 0.028125