1 0.72890625 0.53984375 0.346875 0.440625
1 0.1859375 0.68515625 0.1609375 0.38046875
3 0.25859375 0.59296875 0.0078125 0.0078125
12 0.25859375 0.603125 0.009375 0.0296875
3 0.615625 0.7015625 0.009375 0.00859375
2 0.60703125 0.74375 0.00390625 0.009375
12 0.61640625 0.7484375 0.02578125 0.10234375
3 0.40703125 0.646875 0.0078125 0.00703125
12 0.41171875 0.6828125 0.01484375 0.08125
12 0.3984375 0.68125 0.01484375 0.08359375
12 0.465625 0.7828125 0.02578125 0.1046875
12 0.43671875 0.78828125 0.02890625 0.10546875
12 0.41796875 0.78671875 0.01953125 0.11015625
12 0.4 0.7828125 0.02578125 0.10859375
12 0.4125 0.72265625 0.0109375 0.015625
12 0.390625 0.71171875 0.015625 0.0328125
3 0.390625 0.70234375 0.0125 0.01328125
3 0.37578125 0.7 0.009375 0.01015625
12 0.375 0.72265625 0.015625 0.0609375
3 0.3859375 0.72734375 0.01171875 0.01328125
12 0.38046875 0.7796875 0.02109375 0.11796875
3 0.4625 0.73671875 0.01015625 0.01328125
3 0.43984375 0.74140625 0.0109375 0.01171875
3 0.41484375 0.73125 0.00859375 0.01015625
3 0.3984375 0.73359375 0.01015625 0.01171875
3 0.396875 0.64453125 0.009375 0.00859375
3 0.3671875 0.65078125 0.0109375 0.009375
3 0.359375 0.64375 0.00859375 0.01015625
3 0.32890625 0.6921875 0.00859375 0.0109375
3 0.3578125 0.696875 0.0109375 0.01171875
3 0.34375 0.72890625 0.0109375 0.0140625
3 0.3328125 0.73515625 0.01015625 0.0125
3 0.2890625 0.7125 0.01171875 0.0125
3 0.253125 0.7546875 0.0078125 0.015625
12 0.16640625 0.83828125 0.021875 0.02890625
12 0.26875 0.79609375 0.04140625 0.10390625
12 0.28984375 0.759375 0.0234375 0.1078125
12 0.321875 0.71953125 0.02578125 0.06796875
12 0.353125 0.77890625 0.02734375 0.1140625
12 0.334375 0.78125 0.0265625 0.11953125
12 0.35625 0.72109375 0.0171875 0.06015625
12 0.36875 0.66875 0.01328125 0.05
12 0.3578125 0.6640625 0.0125 0.0546875
2 0.32578125 0.7828125 0.00546875 0.0109375