1 0.296875 0.40234375 0.540625 0.675
3 0.9 0.32265625 0.05 0.04921875
3 0.78046875 0.36796875 0.03359375 0.028125
3 0.6546875 0.39375 0.03671875 0.03984375
7 0.30625 0.3109375 0.02734375 0.01875
7 0.10859375 0.4984375 0.015625 0.0140625
7 0.05234375 0.503125 0.0171875 0.015625
7 0.0203125 0.50234375 0.01171875 0.01015625
12 0.02265625 0.55078125 0.03203125 0.1078125
12 0.053125 0.50859375 0.01796875 0.02890625
12 0.11015625 0.52109375 0.01953125 0.059375
8 0.653125 0.4234375 0.01640625 0.02265625
8 0.784375 0.3984375 0.02265625 0.0203125
8 0.88515625 0.36015625 0.0171875 0.0234375
8 0.309375 0.3390625 0.01875 0.01875
12 0.3015625 0.3546875 0.08515625 0.103125
12 0.6515625 0.54921875 0.0890625 0.353125
12 0.7875 0.5234375 0.1125 0.34140625
12 0.89921875 0.53359375 0.1421875 0.4796875
2 0.95703125 0.525 0.01953125 0.02578125