1 0.65625 0.66640625 0.0328125 0.0609375
1 0.8109375 0.8796875 0.0859375 0.07109375
12 0.09140625 0.71640625 0.00703125 0.0171875
3 0.253125 0.75625 0.00390625 0.003125
12 0.253125 0.76796875 0.00546875 0.02734375
3 0.31796875 0.8484375 0.0046875 0.0046875
12 0.31953125 0.86328125 0.0078125 0.03515625
3 0.79765625 0.7953125 0.0046875 0.00390625
3 0.77578125 0.78828125 0.00390625 0.0046875
12 0.79765625 0.8109375 0.0125 0.0359375
12 0.77578125 0.803125 0.0078125 0.0328125
12 0.76171875 0.7984375 0.00859375 0.03203125
12 0.7546875 0.79921875 0.0078125 0.03359375
12 0.56953125 0.97578125 0.0203125 0.0484375
3 0.45078125 0.896875 0.00625 0.00625
3 0.47734375 0.9015625 0.0046875 0.0046875
12 0.45078125 0.9046875 0.009375 0.021875
12 0.47734375 0.909375 0.00859375 0.02109375
12 0.675 0.75390625 0.00859375 0.025
3 0.6125 0.71640625 0.003125 0.003125
12 0.6125 0.7234375 0.0078125 0.01796875
12 0.70390625 0.70390625 0.0078125 0.01953125
12 0.3546875 0.76875 0.0109375 0.0359375
12 0.415625 0.784375 0.00859375 0.02734375
12 0.4875 0.7828125 0.00625 0.01875