1 0.28828125 0.45 0.5765625 0.68515625
3 0.8859375 0.51875 0.03984375 0.03515625
3 0.22578125 0.55078125 0.02734375 0.0265625
3 0.49609375 0.54453125 0.0390625 0.03828125
3 0.534375 0.53671875 0.02734375 0.03203125
3 0.5703125 0.50859375 0.03984375 0.040625
3 0.67109375 0.534375 0.025 0.03046875
3 0.6890625 0.49921875 0.02734375 0.03125
3 0.734375 0.56796875 0.0296875 0.0234375
8 0.8953125 0.55625 0.0171875 0.01953125
8 0.58203125 0.5421875 0.0109375 0.0125
8 0.53046875 0.56640625 0.01640625 0.0171875
8 0.50390625 0.584375 0.01796875 0.01875
4 0.228125 0.58046875 0.01953125 0.0171875
2 0.51875 0.69921875 0.01796875 0.021875
2 0.4625 0.71328125 0.02578125 0.02890625
12 0.8703125 0.684375 0.07421875 0.37265625
12 0.7359375 0.68828125 0.04375 0.2703125
12 0.69296875 0.67734375 0.078125 0.39296875
12 0.66015625 0.68203125 0.05625 0.32578125
12 0.575 0.67890625 0.0703125 0.3859375
12 0.52578125 0.6921875 0.04375 0.35078125
12 0.47734375 0.7078125 0.08125 0.36484375
12 0.23515625 0.68203125 0.08046875 0.2953125