1 0.2875 0.47578125 0.57421875 0.73984375
3 0.909375 0.55 0.04296875 0.0375
3 0.1953125 0.584375 0.0296875 0.02890625
3 0.4875 0.578125 0.0421875 0.04140625
3 0.5296875 0.56875 0.0296875 0.03515625
3 0.56796875 0.53828125 0.04296875 0.04375
3 0.6765625 0.56640625 0.0265625 0.0328125
3 0.69609375 0.52890625 0.0296875 0.03359375
3 0.7453125 0.603125 0.03203125 0.025
8 0.91953125 0.58984375 0.01875 0.02109375
8 0.58046875 0.575 0.0125 0.0140625
8 0.52421875 0.6015625 0.0171875 0.01875
8 0.49609375 0.62109375 0.01953125 0.0203125
4 0.1984375 0.61640625 0.02109375 0.01796875
2 0.51171875 0.74453125 0.01953125 0.0234375
2 0.45078125 0.759375 0.028125 0.03125
12 0.8921875 0.72890625 0.0796875 0.40234375
12 0.746875 0.7328125 0.04765625 0.29140625
12 0.70078125 0.72109375 0.084375 0.42421875
12 0.665625 0.72578125 0.0609375 0.3515625
12 0.5734375 0.72265625 0.07578125 0.41640625
12 0.51953125 0.73671875 0.04765625 0.378125
12 0.4671875 0.75390625 0.08828125 0.39375
12 0.20546875 0.72578125 0.08671875 0.31875