1 0.70546875 0.4609375 0.58828125 0.7109375
3 0.08984375 0.5328125 0.04140625 0.0359375
3 0.77578125 0.565625 0.028125 0.02734375
3 0.49453125 0.559375 0.040625 0.03984375
3 0.4546875 0.55078125 0.02890625 0.03359375
3 0.41796875 0.52109375 0.040625 0.0421875
3 0.31328125 0.54765625 0.02578125 0.03203125
3 0.29453125 0.5125 0.02890625 0.0328125
3 0.246875 0.58359375 0.03046875 0.02421875
8 0.0796875 0.5703125 0.01796875 0.0203125
8 0.40546875 0.55625 0.01171875 0.01328125
8 0.459375 0.58203125 0.0171875 0.01796875
8 0.48671875 0.6 0.01875 0.01953125
4 0.7734375 0.59609375 0.0203125 0.0171875
2 0.471875 0.71953125 0.01875 0.02265625
2 0.53046875 0.73359375 0.0265625 0.0296875
12 0.10625 0.70390625 0.0765625 0.38671875
12 0.24609375 0.7078125 0.0453125 0.28046875
12 0.290625 0.696875 0.08125 0.4078125
12 0.32421875 0.70078125 0.05859375 0.33828125
12 0.4125 0.6984375 0.07265625 0.4
12 0.4640625 0.71171875 0.0453125 0.36328125
12 0.5140625 0.728125 0.084375 0.378125
12 0.76640625 0.7015625 0.08359375 0.30625