3 0.5747588421875001 0.1252009640625 0.57073955 0.175442121875 0.6330385859375001 0.16338424375 0.6430868171874999 0.1392684890625 0.637057878125 0.111133440625 0.630024115625 0.10409967812500001 0.6139469453124999 0.09606109375 0.5888263671875 0.0990755625 0.5747588421875001 0.1252009640625
3 0.4200160765625 0.2055868171875 0.4320739546875 0.2216639875 0.46925241093750003 0.22065916406250002 0.4782958203125 0.20759646250000002 0.47427652656249997 0.17745176875 0.4592041796875 0.162379421875 0.43709807031250003 0.162379421875 0.426045015625 0.1714228296875 0.4200160765625 0.2055868171875
3 0.2351286171875 0.13323955 0.2944131828125 0.1302250796875 0.2994372984375 0.11716237968750001 0.293408359375 0.097065915625 0.26828778125 0.0920418 0.246181671875 0.0980707390625 0.2331189703125 0.121181671875 0.2351286171875 0.13323955
13 0.681270096875 1 0.681270096875 0.8687700968750001 0.6782556265624999 0.8637459812499999 0.6340434078125 0.8637459812499999 0.6290192921875 0.858721865625 0.6290192921875 0.8225482312500001 0.602893890625 0.8165192921875001 0.585811896875 0.7793408359375 0.5868167203125 0.9009244375 0.582797428125 0.9149919609375001 0.57073955 0.9250401921875 0.568729903125 0.9491559484375 0.5838022515625 0.95217041875 0.599879421875 0.9481511250000001 0.60791800625 0.93810289375 0.6290192921875 0.9391077171875001 0.6290192921875 0.9813102890625001 0.6252813500000001 1 0.681270096875 1
13 0.341639871875 0.9431270093749999 0.341639871875 0.9210209 0.3084807078125 0.893890675 0.300442121875 0.893890675 0.2913987140625 0.9411173640625 0.32958199375 0.9491559484375 0.341639871875 0.9431270093749999
13 0.29168542343750004 1 0.2924035375 0.9461414796875 0.2642684890625 0.9762861734375001 0.25823955 0.9782958203125001 0.2592443734375 0.9712620578125 0.2502009640625 0.9682475890625 0.2250803859375 0.98532958125 0.229970525 1 0.29168542343750004 1
2 0.2059887453125 0.325160771875 0.1929260453125 0.3442524109375 0.194935690625 0.372387459375 0.20699356875000002 0.386454984375 0.216036978125 0.3874598078125 0.2270900328125 0.3784163984375 0.2371382640625 0.35430064375 0.2321141484375 0.2889871375 0.22307073906250002 0.2960209 0.22106109375 0.318127009375 0.2059887453125 0.325160771875
2 0.592845659375 0.406551446875 0.6109324765624999 0.40454179999999995 0.61495176875 0.3663585203125 0.5717443734375001 0.355305465625 0.5647106109375 0.372387459375 0.5647106109375 0.4005225078125 0.5677250796875 0.40554662343750003 0.592845659375 0.406551446875
4 0.450160771875 0.2678858515625 0.4642282953125 0.2598472671875 0.470257234375 0.2457797421875 0.470257234375 0.2276929265625 0.46322347343750003 0.2226688109375 0.4320739546875 0.2276929265625 0.43006430937499995 0.24176045 0.450160771875 0.2678858515625
4 0.6038987140625001 0.1864951765625 0.6260048234375 0.1864951765625 0.627009646875 0.1734324765625 0.585811896875 0.1744372984375 0.582797428125 0.1834807078125 0.5888263671875 0.1935289390625 0.6038987140625001 0.1864951765625
4 0.582797428125 0.2015675234375 0.582797428125 0.2457797421875 0.5868167203125 0.2578376203125 0.602893890625 0.2719051453125 0.6119372984375 0.2729099671875 0.627009646875 0.2578376203125 0.6330385859375001 0.24176045 0.62801446875 0.1965434078125 0.5898311890625 0.2005627015625 0.585811896875 0.1945337625 0.582797428125 0.2015675234375
4 0.2572347265625 0.21764469531250002 0.273311896875 0.2357315109375 0.2863745984375 0.23673633437500002 0.2994372984375 0.219654340625 0.2994372984375 0.1834807078125 0.290393890625 0.1744372984375 0.2642684890625 0.1784565921875 0.2552250796875 0.1915192921875 0.2572347265625 0.21764469531250002