1 0.746875 0.49296875 0.38359375 0.48671875
1 0.14609375 0.65390625 0.178125 0.42109375
3 0.2265625 0.55234375 0.00859375 0.00859375
12 0.2265625 0.56328125 0.01015625 0.0328125
3 0.62109375 0.671875 0.01015625 0.009375
2 0.6125 0.71796875 0.0046875 0.01015625
12 0.621875 0.72421875 0.02890625 0.11328125
3 0.390625 0.61171875 0.00859375 0.0078125
12 0.39609375 0.65078125 0.01640625 0.08984375
12 0.38125 0.65 0.01640625 0.0921875
12 0.45546875 0.76171875 0.028125 0.115625
12 0.42421875 0.76796875 0.03203125 0.11640625
12 0.403125 0.765625 0.02109375 0.121875
12 0.38359375 0.76171875 0.02890625 0.1203125
12 0.396875 0.6953125 0.0125 0.0171875
12 0.37265625 0.68359375 0.0171875 0.03671875
3 0.371875 0.67265625 0.0140625 0.01484375
3 0.35625 0.66953125 0.01015625 0.0109375
12 0.3546875 0.6953125 0.0171875 0.0671875
3 0.36796875 0.70078125 0.0125 0.01484375
12 0.3609375 0.75859375 0.0234375 0.1296875
3 0.45234375 0.71015625 0.01171875 0.0140625
3 0.4265625 0.715625 0.01171875 0.0125
3 0.39921875 0.7046875 0.009375 0.0109375
3 0.38125 0.70703125 0.0109375 0.01328125
3 0.3796875 0.609375 0.01015625 0.009375
3 0.346875 0.615625 0.01171875 0.0109375
3 0.3375 0.6078125 0.01015625 0.01171875
3 0.3046875 0.6609375 0.009375 0.01171875
3 0.33671875 0.66640625 0.0125 0.01328125
3 0.32109375 0.7015625 0.0125 0.015625
3 0.30859375 0.709375 0.01171875 0.01328125
3 0.26015625 0.684375 0.01328125 0.0140625
3 0.2203125 0.73046875 0.00859375 0.01796875
12 0.125 0.82265625 0.0234375 0.03203125
12 0.2375 0.7765625 0.04609375 0.11484375
12 0.2609375 0.7359375 0.02578125 0.11875
12 0.29609375 0.69140625 0.02890625 0.075
12 0.33125 0.75703125 0.0296875 0.12578125
12 0.31015625 0.76015625 0.02890625 0.13203125
12 0.334375 0.69296875 0.01875 0.06640625
12 0.3484375 0.63515625 0.01484375 0.05546875
12 0.33671875 0.63046875 0.01328125 0.06015625
2 0.30078125 0.76171875 0.00546875 0.01171875