1 0.14296875 0.1765625 0.2703125 0.3125
1 0.79140625 0.4515625 0.1671875 0.17734375
1 0.2203125 0.46640625 0.37109375 0.34296875
1 0.5765625 0.51875 0.28828125 0.20546875
1 0.484375 0.29140625 0.07421875 0.24921875
12 0.52265625 0.4515625 0.01484375 0.02890625
3 0.5265625 0.4421875 0.00546875 0.00859375
3 0.415625 0.63515625 0.0109375 0.01328125
8 0.41484375 0.64609375 0.00625 0.0078125
12 0.409375 0.646875 0.021875 0.03671875
3 0.16328125 0.4984375 0.0078125 0.00703125
12 0.16484375 0.52265625 0.02578125 0.05859375
3 0.27734375 0.084375 0.00546875 0.00703125
3 0.1 0.19609375 0.01015625 0.0109375
12 0.09921875 0.2140625 0.01953125 0.0484375
12 0.2734375 0.09140625 0.0125 0.025
3 0.6296875 0.41171875 0.00625 0.0078125
3 0.61953125 0.41015625 0.00625 0.00625
3 0.6375 0.409375 0.00703125 0.00625
3 0.65390625 0.42578125 0.00625 0.0078125
12 0.6203125 0.41640625 0.01015625 0.01796875
12 0.6296875 0.41640625 0.00703125 0.01875
12 0.6390625 0.42109375 0.01171875 0.03125
12 0.653125 0.4328125 0.0125 0.0234375