2 0.1 0.66484375 0.028125 0.028125
2 0.27421875 0.57265625 0.02578125 0.03671875
2 0.44296875 0.60078125 0.01171875 0.03125
2 0.45859375 0.6046875 0.01953125 0.0421875
2 0.5734375 0.5921875 0.01953125 0.05234375
2 0.63671875 0.55625 0.01484375 0.021875
2 0.64453125 0.57890625 0.0234375 0.03359375
2 0.7421875 0.51484375 0.015625 0.025
2 0.5921875 0.546875 0.015625 0.01875
2 0.6953125 0.565625 0.00703125 0.0234375
2 0.80703125 0.63203125 0.0203125 0.03515625
2 0.915625 0.653125 0.028125 0.0375
8 0.86796875 0.428125 0.0328125 0.0234375
8 0.8203125 0.38828125 0.021875 0.01875
8 0.7515625 0.4015625 0.028125 0.021875
8 0.71171875 0.3953125 0.02265625 0.01953125
8 0.65390625 0.4234375 0.02265625 0.02109375
8 0.6359375 0.37734375 0.0171875 0.01953125
8 0.60078125 0.4 0.02109375 0.01953125
8 0.54765625 0.34609375 0.02421875 0.01953125
8 0.553125 0.4140625 0.021875 0.0203125
8 0.47578125 0.35546875 0.0203125 0.01875
8 0.48828125 0.42109375 0.0234375 0.021875
8 0.4421875 0.39140625 0.021875 0.02109375
8 0.36640625 0.353125 0.0234375 0.02265625
8 0.1375 0.4125 0.03359375 0.0296875
8 0.196875 0.39765625 0.025 0.021875
8 0.25 0.42109375 0.02578125 0.025
8 0.32109375 0.3984375 0.028125 0.02109375
8 0.4078125 0.41796875 0.02421875 0.025
3 0.13515625 0.3578125 0.053125 0.0484375
3 0.1921875 0.35234375 0.040625 0.040625
3 0.24453125 0.37421875 0.0453125 0.04453125
3 0.31953125 0.35546875 0.03984375 0.0390625
3 0.36640625 0.3125 0.03203125 0.03515625
3 0.40703125 0.3671875 0.0390625 0.03984375
3 0.44140625 0.3515625 0.03359375 0.03828125
3 0.4734375 0.3203125 0.03046875 0.0328125
3 0.4859375 0.3765625 0.0375 0.03828125
3 0.54765625 0.30859375 0.0328125 0.03203125
3 0.5546875 0.37421875 0.0359375 0.03984375
3 0.5984375 0.36171875 0.03515625 0.03671875
3 0.63984375 0.3375 0.0328125 0.03515625
3 0.6578125 0.378125 0.0375 0.04140625
3 0.7109375 0.35078125 0.03828125 0.03671875
3 0.75234375 0.3546875 0.04375 0.04453125
3 0.81875 0.34375 0.04296875 0.0453125
3 0.86953125 0.36953125 0.053125 0.05078125
2 0.49921875 0.5953125 0.0203125 0.04609375
12 0.134375 0.59296875 0.1609375 0.5234375
12 0.196875 0.5484375 0.06015625 0.43671875
12 0.24765625 0.59453125 0.1265625 0.4875
12 0.32265625 0.553125 0.10234375 0.44140625
12 0.3640625 0.503125 0.06015625 0.41328125
12 0.40546875 0.57890625 0.1 0.4671875
12 0.44453125 0.5390625 0.059375 0.415625
12 0.471875 0.50546875 0.040625 0.4
12 0.48828125 0.5765625 0.0921875 0.4328125
12 0.546875 0.49609375 0.0828125 0.4078125
12 0.5578125 0.57265625 0.07265625 0.43671875
12 0.60078125 0.55078125 0.05859375 0.41484375
12 0.63515625 0.525 0.05078125 0.4078125
12 0.65234375 0.58046875 0.0953125 0.44375
12 0.7046875 0.525 0.0609375 0.39375
12 0.75 0.57578125 0.125 0.48671875
12 0.8078125 0.55234375 0.08671875 0.46953125
12 0.86875 0.61171875 0.15078125 0.53671875