3 0.75546875 0.21640625 0.03125 0.0359375
3 0.64375 0.315625 0.021875 0.03828125
3 0.57734375 0.465625 0.0203125 0.0328125
3 0.6625 0.4359375 0.02265625 0.03828125
8 0.74375 0.2421875 0.01484375 0.01171875
2 0.70078125 0.28203125 0.01015625 0.0234375
2 0.7484375 0.340625 0.01015625 0.02734375
2 0.65703125 0.38125 0.0125 0.01328125
2 0.6125 0.3640625 0.01015625 0.015625
2 0.59375 0.521875 0.00625 0.0078125
2 0.65703125 0.5125 0.0140625 0.0265625
2 0.62578125 0.4671875 0.0078125 0.0109375
2 0.55234375 0.49375 0.009375 0.0171875
2 0.51328125 0.6546875 0.00390625 0.00703125
3 0.525 0.6609375 0.01875 0.03046875
3 0.46171875 0.67421875 0.01640625 0.03046875
12 0.72890625 0.3015625 0.084375 0.20625
12 0.63828125 0.3734375 0.0625 0.1546875
12 0.64140625 0.4734375 0.08203125 0.11953125
12 0.575 0.49921875 0.0546875 0.096875
12 0.5265625 0.67890625 0.03125 0.08046875
12 0.4671875 0.6953125 0.0375 0.08203125