2 0.9859375 0.49140625 0.0265625 0.0171875
2 0.815625 0.465625 0.03984375 0.075
2 0.6875 0.35 0.040625 0.08828125
2 0.2171875 0.94609375 0.078125 0.10703125
2 0.1390625 0.9375 0.0765625 0.125
4 0.4375 0.603125 0.01484375 0.04140625
3 0.4515625 0.553125 0.04140625 0.06171875
3 0.59453125 0.53828125 0.07109375 0.08671875
12 0.45234375 0.68203125 0.05 0.32421875
12 0.54921875 0.7484375 0.18515625 0.50234375
12 0.30078125 0.74921875 0.2453125 0.5015625
12 0.109375 0.7484375 0.21875 0.50234375
12 0.34921875 0.32421875 0.11484375 0.2625
12 0.984375 0.4390625 0.03125 0.121875
12 0.759375 0.2890625 0.2046875 0.4234375
12 0.55546875 0.2765625 0.22109375 0.4375
4 0.634375 0.2203125 0.06171875 0.071875
4 0.81875 0.18125 0.04609375 0.04765625
4 0.06953125 0.1796875 0.0546875 0.04296875
4 0.14296875 0.203125 0.04140625 0.04609375
4 0.1765625 0.22578125 0.0203125 0.0453125
4 0.21328125 0.2328125 0.0328125 0.03515625
4 0.2609375 0.22890625 0.0359375 0.03125
4 0.36171875 0.253125 0.0359375 0.03671875
7 0.3765625 0.20234375 0.03984375 0.02265625
7 0.2625 0.175 0.04609375 0.021875
7 0.2125 0.17734375 0.04296875 0.021875
7 0.14375 0.134375 0.053125 0.0328125
7 0.06484375 0.10703125 0.0609375 0.03046875