2 0.14453125 0.4625 0.04375 0.0828125
2 0.2859375 0.33515625 0.04453125 0.096875
2 0.80390625 0.965625 0.084375 0.06875
2 0.8890625 0.95625 0.084375 0.0875
4 0.5609375 0.61328125 0.01640625 0.0453125
3 0.5453125 0.55859375 0.0453125 0.06796875
3 0.38828125 0.5421875 0.078125 0.0953125
12 0.54453125 0.70078125 0.0546875 0.35703125
12 0.4375 0.7484375 0.20390625 0.50234375
12 0.71171875 0.7484375 0.26953125 0.50234375
12 0.90078125 0.7484375 0.1984375 0.50234375
12 0.6578125 0.30703125 0.12578125 0.2890625
12 0.20625 0.26796875 0.22578125 0.46640625
12 0.43125 0.25390625 0.24296875 0.48125
4 0.34453125 0.1921875 0.0671875 0.07890625
4 0.140625 0.14921875 0.05078125 0.05234375
4 0.965625 0.14765625 0.06015625 0.046875
4 0.884375 0.1734375 0.0453125 0.05078125
4 0.84765625 0.1984375 0.02265625 0.04921875
4 0.80703125 0.20546875 0.0359375 0.03828125
4 0.75546875 0.2015625 0.03984375 0.034375
4 0.64453125 0.228125 0.03984375 0.040625
7 0.628125 0.17265625 0.04375 0.025
7 0.753125 0.1421875 0.05078125 0.02421875
7 0.80859375 0.14453125 0.04765625 0.02421875
7 0.884375 0.09765625 0.05859375 0.0359375
7 0.96953125 0.06640625 0.0609375 0.03203125