3 0.2359375 0.3609375 0.02890625 0.03125
3 0.30703125 0.35859375 0.03828125 0.040625
3 0.33671875 0.3421875 0.02890625 0.034375
3 0.4375 0.346875 0.02890625 0.03125
3 0.4546875 0.3390625 0.02265625 0.02734375
3 0.50546875 0.34765625 0.0421875 0.04296875
3 0.571875 0.3640625 0.01640625 0.0234375
3 0.5921875 0.35546875 0.03125 0.03515625
3 0.6015625 0.33671875 0.01875 0.0140625
3 0.6265625 0.3171875 0.021875 0.0234375
3 0.659375 0.33359375 0.03984375 0.04140625
3 0.68515625 0.3484375 0.015625 0.01953125
3 0.74609375 0.3296875 0.03046875 0.03046875
3 0.80390625 0.31796875 0.0140625 0.01640625
3 0.8140625 0.32421875 0.0328125 0.025
3 0.97265625 0.3078125 0.0546875 0.096875
8 0.98125 0.39921875 0.03359375 0.034375
8 0.80625 0.35859375 0.01328125 0.01640625
8 0.74921875 0.36015625 0.0140625 0.0125
8 0.68125 0.37265625 0.01015625 0.0125
8 0.65546875 0.375 0.01796875 0.01640625
8 0.62421875 0.34765625 0.01328125 0.0125
8 0.57734375 0.37421875 0.00546875 0.0078125
8 0.5875 0.39140625 0.01171875 0.01171875
8 0.503125 0.39765625 0.015625 0.021875
8 0.4328125 0.3796875 0.015625 0.0140625
8 0.33203125 0.3796875 0.01328125 0.0109375
8 0.303125 0.4015625 0.01484375 0.0171875
8 0.23671875 0.38984375 0.01328125 0.0125
2 0.23125 0.446875 0.03359375 0.034375
2 0.25703125 0.4921875 0.0171875 0.03046875
2 0.22578125 0.50625 0.009375 0.0234375
2 0.4109375 0.39453125 0.0109375 0.0171875
2 0.46796875 0.49140625 0.01171875 0.0296875
2 0.559375 0.45859375 0.00546875 0.02109375
2 0.596875 0.54765625 0.01484375 0.02734375
2 0.62578125 0.51328125 0.0171875 0.02578125
2 0.6265625 0.4953125 0.0078125 0.01796875
2 0.6984375 0.4453125 0.00703125 0.0125
2 0.70546875 0.47890625 0.01484375 0.02578125
2 0.77109375 0.48671875 0.01328125 0.0296875
2 0.83984375 0.4953125 0.01015625 0.01875
2 0.99453125 0.73984375 0.0109375 0.05859375
2 0.9390625 0.71328125 0.0234375 0.0453125
12 0.940625 0.628125 0.11875 0.74296875
12 0.7859375 0.45390625 0.0484375 0.2875
12 0.81484375 0.48125 0.071875 0.3421875
12 0.73984375 0.471875 0.08203125 0.31796875
12 0.6953125 0.4453125 0.03515625 0.21328125
12 0.66015625 0.5265625 0.07890625 0.428125
12 0.62578125 0.44765625 0.03984375 0.28359375
12 0.6015625 0.34453125 0.01640625 0.03203125
12 0.56796875 0.446875 0.02421875 0.1921875
12 0.5921875 0.48203125 0.0640625 0.28515625
12 0.48828125 0.4265625 0.01796875 0.0796875
12 0.51328125 0.53515625 0.0875 0.4203125
12 0.46171875 0.46015625 0.040625 0.271875
12 0.4296875 0.4984375 0.071875 0.3328125
12 0.34453125 0.45234375 0.0484375 0.25390625
12 0.27421875 0.5328125 0.11796875 0.39375
12 0.24765625 0.47578125 0.05625 0.2625