2 0.00859375 0.5 0.0171875 0.01953125
2 0.178125 0.475 0.04140625 0.078125
2 0.3109375 0.3546875 0.0421875 0.09140625
2 0.7984375 0.9578125 0.0796875 0.084375
2 0.87890625 0.9484375 0.0796875 0.103125
4 0.5703125 0.61640625 0.01484375 0.04296875
3 0.55546875 0.56484375 0.04296875 0.0640625
3 0.40703125 0.54921875 0.0734375 0.08984375
12 0.55390625 0.6984375 0.0515625 0.33515625
12 0.45390625 0.75390625 0.19140625 0.4921875
12 0.71171875 0.75390625 0.25390625 0.4921875
12 0.89765625 0.75390625 0.20390625 0.4921875
12 0.6609375 0.328125 0.11875 0.27109375
12 0.01015625 0.446875 0.01953125 0.1265625
12 0.23671875 0.2921875 0.21171875 0.43828125
12 0.44765625 0.27890625 0.22890625 0.453125
4 0.36640625 0.2203125 0.06328125 0.07421875
4 0.175 0.1796875 0.0484375 0.04921875
4 0.95078125 0.17890625 0.05703125 0.04453125
4 0.87421875 0.203125 0.0421875 0.04765625
4 0.8390625 0.22578125 0.02109375 0.046875
4 0.8015625 0.23359375 0.034375 0.0359375
4 0.75234375 0.2296875 0.0375 0.0328125
4 0.6484375 0.2546875 0.0375 0.03828125
7 0.6328125 0.20234375 0.04140625 0.0234375
7 0.75078125 0.1734375 0.04765625 0.02265625
7 0.803125 0.17578125 0.04453125 0.02265625
7 0.8734375 0.13125 0.0546875 0.03359375
7 0.95546875 0.103125 0.06328125 0.03125