2 0.8703125 0.6546875 0.02734375 0.02734375
2 0.7 0.56484375 0.025 0.0359375
2 0.53515625 0.5921875 0.01171875 0.03046875
2 0.5203125 0.59609375 0.01953125 0.04140625
2 0.4078125 0.584375 0.01875 0.05078125
2 0.34609375 0.54921875 0.01484375 0.02109375
2 0.33828125 0.57109375 0.0234375 0.0328125
2 0.2421875 0.50859375 0.015625 0.025
2 0.3890625 0.53984375 0.015625 0.01796875
2 0.28828125 0.5578125 0.00703125 0.02265625
2 0.17890625 0.62265625 0.01953125 0.034375
2 0.07265625 0.64375 0.02734375 0.03671875
8 0.11953125 0.4234375 0.03203125 0.02265625
8 0.16640625 0.38515625 0.02109375 0.01796875
8 0.23359375 0.39765625 0.02734375 0.02109375
8 0.271875 0.39140625 0.021875 0.01875
8 0.328125 0.41875 0.021875 0.0203125
8 0.346875 0.3734375 0.0171875 0.01953125
8 0.38046875 0.39609375 0.0203125 0.01953125
8 0.4328125 0.34296875 0.02421875 0.01953125
8 0.42734375 0.41015625 0.02109375 0.01953125
8 0.503125 0.35234375 0.0203125 0.01875
8 0.49140625 0.4171875 0.02265625 0.02109375
8 0.5359375 0.3875 0.02109375 0.02109375
8 0.61015625 0.35 0.02265625 0.021875
8 0.83359375 0.40859375 0.0328125 0.02890625
8 0.77578125 0.39375 0.025 0.02109375
8 0.7234375 0.4171875 0.025 0.02421875
8 0.65390625 0.39453125 0.028125 0.02109375
8 0.56953125 0.41328125 0.0234375 0.02421875
3 0.8359375 0.3546875 0.05234375 0.046875
3 0.78046875 0.34921875 0.03984375 0.03984375
3 0.72890625 0.37109375 0.04453125 0.04375
3 0.65625 0.35234375 0.0390625 0.0375
3 0.61015625 0.3109375 0.03125 0.034375
3 0.56953125 0.3640625 0.03828125 0.03828125
3 0.5359375 0.34921875 0.0328125 0.0375
3 0.50546875 0.31875 0.0296875 0.03203125
3 0.49296875 0.3734375 0.03671875 0.0375
3 0.4328125 0.30625 0.03203125 0.03125
3 0.42578125 0.37109375 0.03515625 0.0390625
3 0.3828125 0.35859375 0.034375 0.0359375
3 0.3421875 0.33515625 0.0328125 0.034375
3 0.325 0.375 0.03671875 0.040625
3 0.27265625 0.34765625 0.0375 0.03515625
3 0.23203125 0.35234375 0.04296875 0.04375
3 0.16796875 0.340625 0.0421875 0.04453125
3 0.11796875 0.365625 0.05234375 0.04921875
2 0.48046875 0.58671875 0.0203125 0.0453125
12 0.83671875 0.584375 0.1578125 0.51171875
12 0.77578125 0.540625 0.05859375 0.42734375
12 0.72578125 0.5859375 0.12421875 0.4765625
12 0.653125 0.54609375 0.1 0.43125
12 0.6125 0.496875 0.05859375 0.40390625
12 0.571875 0.5703125 0.0984375 0.45703125
12 0.5328125 0.53203125 0.0578125 0.40546875
12 0.50625 0.49921875 0.0390625 0.390625
12 0.490625 0.56875 0.090625 0.4234375
12 0.43359375 0.48984375 0.08046875 0.3984375
12 0.42265625 0.56484375 0.07109375 0.42734375
12 0.38046875 0.54375 0.05703125 0.40546875
12 0.34765625 0.51796875 0.04921875 0.3984375
12 0.33046875 0.57265625 0.09296875 0.43359375
12 0.27890625 0.51875 0.059375 0.38515625
12 0.23515625 0.56796875 0.121875 0.47578125
12 0.178125 0.54453125 0.08515625 0.45859375
12 0.11875 0.603125 0.14765625 0.525