3 0.184375 0.3515625 0.02421875 0.0296875
3 0.26171875 0.35625 0.02109375 0.0203125
3 0.325 0.3515625 0.0109375 0.015625
3 0.30859375 0.3375 0.02421875 0.02890625
3 0.31328125 0.36484375 0.04296875 0.0375
3 0.4015625 0.353125 0.0234375 0.0234375
3 0.45390625 0.36015625 0.0453125 0.03984375
3 0.5 0.36953125 0.015625 0.01875
3 0.5125 0.36953125 0.01640625 0.01796875
3 0.54453125 0.3625 0.03046875 0.0296875
3 0.58671875 0.3359375 0.0234375 0.02265625
3 0.6265625 0.31015625 0.0375 0.040625
3 0.61640625 0.365625 0.0640625 0.0703125
3 0.6796875 0.39140625 0.01875 0.0234375
3 0.7015625 0.38046875 0.0109375 0.009375
2 0.68515625 0.490625 0.0140625 0.021875
2 0.65390625 0.54921875 0.01328125 0.03828125
2 0.615625 0.6890625 0.028125 0.078125
2 0.57109375 0.528125 0.01015625 0.028125
2 0.50703125 0.4609375 0.00703125 0.0109375
2 0.5078125 0.46171875 0.0078125 0.0125
2 0.21953125 0.396875 0.03984375 0.03125
2 0.353125 0.4625 0.009375 0.01796875
2 0.34921875 0.55546875 0.0171875 0.034375
2 0.37265625 0.48671875 0.01171875 0.02421875
2 0.703125 0.4828125 0.0125 0.02109375
2 0.7078125 0.48203125 0.009375 0.0203125
2 0.73359375 0.45859375 0.01171875 0.025
2 0.7453125 0.4578125 0.0234375 0.01875
2 0.8640625 0.428125 0.01640625 0.0140625
2 0.8171875 0.521875 0.0109375 0.0265625
2 0.85546875 0.4859375 0.01640625 0.021875
2 0.86328125 0.49609375 0.01328125 0.015625
2 0.9109375 0.553125 0.01171875 0.0328125
2 0.9125 0.553125 0.02109375 0.03046875
2 0.91015625 0.55703125 0.01171875 0.03203125
3 0.71796875 0.378125 0.02421875 0.02421875
3 0.759375 0.359375 0.02890625 0.0265625
3 0.8203125 0.37421875 0.021875 0.0234375
3 0.8640625 0.38203125 0.0203125 0.02265625
3 0.91796875 0.3765625 0.0359375 0.02734375
3 0.953125 0.3859375 0.0375 0.0375
8 0.18359375 0.37421875 0.00703125 0.01640625
8 0.26328125 0.3828125 0.0125 0.0125
8 0.31875 0.40234375 0.01953125 0.01875
8 0.4015625 0.38125 0.01328125 0.01328125
8 0.4421875 0.4046875 0.0078125 0.01953125
8 0.5 0.3890625 0.00703125 0.01015625
8 0.51328125 0.38984375 0.01015625 0.009375
8 0.54375 0.3921875 0.0171875 0.01484375
3 0.5328125 0.38515625 0.00546875 0.01640625
8 0.5859375 0.36171875 0.0125 0.0125
8 0.59296875 0.41796875 0.00625 0.02734375
8 0.67890625 0.41171875 0.00859375 0.01015625
8 0.7171875 0.40546875 0.0125 0.0125
8 0.759375 0.3890625 0.01796875 0.01328125
4 0.8234375 0.39765625 0.0078125 0.0203125
8 0.86484375 0.4078125 0.01484375 0.0140625
8 0.91171875 0.40859375 0.01328125 0.015625
8 0.946875 0.421875 0.0140625 0.01953125
12 0.9453125 0.52265625 0.08984375 0.3125
12 0.9171875 0.5125 0.0546875 0.3
12 0.86328125 0.50078125 0.059375 0.2609375
12 0.83359375 0.50078125 0.06796875 0.278125
12 0.759375 0.49609375 0.06171875 0.303125
12 0.70234375 0.3953125 0.0171875 0.04140625
12 0.71875 0.48984375 0.05 0.2484375
12 0.684375 0.48359375 0.03515625 0.2125
12 0.6421875 0.515625 0.06640625 0.4515625
12 0.58046875 0.4 0.03515625 0.153125
12 0.54921875 0.5078125 0.0765625 0.32421875
12 0.5140625 0.459375 0.0375 0.2
12 0.50390625 0.45 0.0234375 0.18125
12 0.45703125 0.5515625 0.08515625 0.425
12 0.39765625 0.47109375 0.0625 0.2625
12 0.3390625 0.43515625 0.03671875 0.1859375
12 0.3140625 0.39296875 0.0703125 0.14765625
12 0.26328125 0.4375 0.04609375 0.1859375
12 0.18203125 0.4453125 0.06171875 0.21796875
12 0.28125 0.54140625 0.16015625 0.39140625
12 0.6109375 0.65390625 0.08828125 0.6546875