3 0.77265625 0.33671875 0.03125 0.03359375
3 0.6953125 0.33359375 0.04140625 0.04453125
3 0.6625 0.315625 0.03203125 0.0375
3 0.553125 0.32109375 0.03125 0.034375
3 0.53515625 0.3125 0.025 0.0296875
3 0.4796875 0.321875 0.04609375 0.046875
3 0.40703125 0.33984375 0.0171875 0.02578125
3 0.38515625 0.33046875 0.034375 0.03828125
3 0.37421875 0.31015625 0.0203125 0.01484375
3 0.34765625 0.2890625 0.0234375 0.02578125
3 0.31171875 0.30625 0.04296875 0.04453125
3 0.28359375 0.32265625 0.01640625 0.02109375
3 0.2171875 0.30234375 0.0328125 0.0328125
3 0.1546875 0.28984375 0.015625 0.01796875
3 0.14375 0.296875 0.03515625 0.02734375
8 0.1515625 0.334375 0.01484375 0.01796875
8 0.2140625 0.3359375 0.015625 0.01328125
8 0.28828125 0.34921875 0.0109375 0.01328125
8 0.31640625 0.35234375 0.01953125 0.01796875
8 0.35 0.321875 0.01484375 0.0140625
8 0.40078125 0.35078125 0.00546875 0.00859375
8 0.390625 0.3703125 0.01328125 0.0125
8 0.48203125 0.3765625 0.01640625 0.02421875
8 0.5578125 0.35703125 0.0171875 0.015625
8 0.6671875 0.35703125 0.01484375 0.0125
8 0.69921875 0.38046875 0.015625 0.01875
8 0.77109375 0.36796875 0.01484375 0.0140625
2 0.77734375 0.4296875 0.03671875 0.03671875
2 0.75 0.4796875 0.01796875 0.03359375
2 0.78359375 0.49453125 0.01015625 0.025
2 0.58203125 0.37265625 0.01171875 0.01796875
2 0.5203125 0.478125 0.0125 0.03203125
2 0.42109375 0.4421875 0.00625 0.02265625
2 0.3796875 0.5390625 0.01640625 0.0296875
2 0.3484375 0.50234375 0.01875 0.02734375
2 0.34765625 0.4828125 0.00859375 0.01953125
2 0.26875 0.428125 0.0078125 0.01328125
2 0.26171875 0.46484375 0.01640625 0.028125
2 0.18984375 0.4734375 0.01484375 0.03203125
2 0.115625 0.48203125 0.0109375 0.0203125
2 0.01015625 0.71953125 0.0203125 0.05
12 0.03515625 0.61171875 0.0703125 0.7765625
12 0.17421875 0.4375 0.05234375 0.3125
12 0.1421875 0.4671875 0.078125 0.371875
12 0.22421875 0.45703125 0.0890625 0.3453125
12 0.27265625 0.428125 0.03828125 0.23125
12 0.3109375 0.5171875 0.08515625 0.46484375
12 0.3484375 0.43125 0.04375 0.30859375
12 0.37421875 0.31875 0.01796875 0.03515625
12 0.4109375 0.43046875 0.0265625 0.209375
12 0.384375 0.46796875 0.06953125 0.309375
12 0.4984375 0.4078125 0.01953125 0.08671875
12 0.4703125 0.52578125 0.09453125 0.45625
12 0.5265625 0.44453125 0.04375 0.2953125
12 0.56171875 0.48671875 0.078125 0.36171875
12 0.65390625 0.4359375 0.053125 0.27578125
12 0.73125 0.5234375 0.128125 0.42734375
12 0.759375 0.46171875 0.0609375 0.28515625