3 0.81328125 0.3515625 0.025 0.0296875
3 0.734375 0.35625 0.02109375 0.0203125
3 0.6703125 0.35078125 0.0109375 0.015625
3 0.68671875 0.33671875 0.025 0.0296875
3 0.68203125 0.36484375 0.04375 0.0375
3 0.5921875 0.353125 0.0234375 0.02421875
3 0.5390625 0.3609375 0.0453125 0.040625
3 0.4921875 0.36953125 0.015625 0.01875
3 0.47890625 0.3703125 0.01640625 0.01796875
3 0.446875 0.3625 0.03125 0.0296875
3 0.40390625 0.3359375 0.02421875 0.02265625
3 0.36328125 0.309375 0.03828125 0.040625
3 0.3734375 0.36640625 0.06484375 0.07109375
3 0.309375 0.39140625 0.01953125 0.0234375
3 0.28671875 0.38046875 0.01171875 0.009375
2 0.30390625 0.49296875 0.0140625 0.021875
2 0.3359375 0.5515625 0.01328125 0.0390625
2 0.375 0.69453125 0.02890625 0.07890625
2 0.41953125 0.53046875 0.01015625 0.02890625
2 0.48515625 0.4625 0.00703125 0.0109375
2 0.48359375 0.46328125 0.0078125 0.0125
2 0.77734375 0.39765625 0.040625 0.03125
2 0.6421875 0.4640625 0.009375 0.01796875
2 0.64609375 0.55859375 0.0171875 0.034375
2 0.62109375 0.48828125 0.01171875 0.02421875
2 0.2859375 0.484375 0.01328125 0.02109375
2 0.28125 0.48359375 0.01015625 0.0203125
2 0.2546875 0.46015625 0.01171875 0.02578125
2 0.2421875 0.459375 0.0234375 0.01875
2 0.121875 0.42890625 0.0171875 0.01484375
2 0.16953125 0.52421875 0.01171875 0.02734375
2 0.13046875 0.4875 0.01640625 0.02265625
2 0.12265625 0.4984375 0.01328125 0.01640625
2 0.07421875 0.55546875 0.01171875 0.03359375
2 0.07265625 0.55546875 0.02109375 0.03125
2 0.075 0.559375 0.0125 0.03203125
3 0.27109375 0.37890625 0.025 0.02421875
3 0.22890625 0.359375 0.0296875 0.02734375
3 0.16640625 0.37421875 0.02265625 0.02421875
3 0.121875 0.3828125 0.02109375 0.0234375
3 0.0671875 0.37734375 0.03671875 0.028125
3 0.03125 0.38671875 0.03828125 0.03828125
8 0.8140625 0.37421875 0.00703125 0.0171875
8 0.73359375 0.3828125 0.0125 0.0125
8 0.67578125 0.40234375 0.01953125 0.01875
8 0.5921875 0.38125 0.01328125 0.01328125
8 0.55078125 0.4046875 0.0078125 0.01953125
8 0.4921875 0.38984375 0.00703125 0.01015625
8 0.47890625 0.390625 0.01015625 0.009375
8 0.44765625 0.39296875 0.01796875 0.01484375
3 0.45859375 0.3859375 0.00546875 0.0171875
8 0.4046875 0.36171875 0.01328125 0.0125
8 0.396875 0.41875 0.00703125 0.028125
8 0.31015625 0.4125 0.00859375 0.01015625
8 0.27109375 0.40625 0.01328125 0.0125
8 0.22890625 0.38984375 0.01875 0.01328125
4 0.16328125 0.3984375 0.0078125 0.02109375
8 0.12109375 0.40859375 0.015625 0.0140625
8 0.0734375 0.409375 0.01328125 0.01640625
8 0.03828125 0.4234375 0.0140625 0.0203125
12 0.04296875 0.52421875 0.08515625 0.31796875
12 0.06796875 0.51484375 0.05546875 0.3046875
12 0.12265625 0.503125 0.06015625 0.26484375
12 0.15234375 0.50234375 0.06953125 0.28203125
12 0.22890625 0.4984375 0.0625 0.3078125
12 0.28671875 0.39609375 0.01796875 0.0421875
12 0.2703125 0.4921875 0.05078125 0.2515625
12 0.3046875 0.48515625 0.03515625 0.215625
12 0.346875 0.51796875 0.0671875 0.4578125
12 0.41015625 0.4 0.0359375 0.15546875
12 0.4421875 0.51015625 0.07734375 0.32890625
12 0.478125 0.4609375 0.03828125 0.20234375
12 0.48828125 0.4515625 0.02421875 0.18359375
12 0.5359375 0.55390625 0.08671875 0.43125
12 0.596875 0.47265625 0.0640625 0.26640625
12 0.65625 0.4359375 0.0375 0.18828125
12 0.68125 0.39375 0.07109375 0.15
12 0.7328125 0.43828125 0.046875 0.1890625
12 0.815625 0.446875 0.0625 0.221875
12 0.71484375 0.54375 0.1625 0.39765625
12 0.37890625 0.6578125 0.08984375 0.66484375