3 0.25546875 0.225 0.03046875 0.03515625
3 0.365625 0.32421875 0.021875 0.0375
3 0.43203125 0.471875 0.0203125 0.0328125
3 0.346875 0.44296875 0.02265625 0.0375
8 0.26640625 0.25078125 0.01484375 0.01171875
2 0.309375 0.290625 0.01015625 0.0234375
2 0.2625 0.3484375 0.009375 0.02734375
2 0.35234375 0.38828125 0.0125 0.01328125
2 0.396875 0.371875 0.01015625 0.015625
2 0.415625 0.528125 0.00625 0.0078125
2 0.353125 0.51875 0.0140625 0.02578125
2 0.38359375 0.4734375 0.0078125 0.0109375
2 0.45703125 0.5 0.00859375 0.0171875
2 0.4953125 0.659375 0.00390625 0.00703125
3 0.48359375 0.665625 0.01875 0.0296875
3 0.54609375 0.678125 0.01640625 0.03046875
12 0.28203125 0.309375 0.08359375 0.20390625
12 0.37109375 0.38125 0.06171875 0.153125
12 0.36796875 0.4796875 0.08125 0.11875
12 0.43359375 0.50546875 0.05390625 0.09609375
12 0.48203125 0.68359375 0.03125 0.0796875
12 0.540625 0.7 0.0375 0.08125