3 0.85 0.259375 0.08828125 0.075
12 0.215625 0.84296875 0.32734375 0.3140625
4 0.5921875 0.38828125 0.0203125 0.0375
4 0.86640625 0.34765625 0.03046875 0.05
4 0.0078125 0.28125 0.015625 0.0234375
4 0.034375 0.25859375 0.0265625 0.01875
4 0.2703125 0.24609375 0.0265625 0.0234375
4 0.134375 0.315625 0.02421875 0.0234375
4 0.25546875 0.39140625 0.0328125 0.03203125
4 0.47421875 0.27421875 0.0359375 0.03046875
7 0.45078125 0.10625 0.0203125 0.0109375
7 0.3375 0.11953125 0.01640625 0.0109375
7 0.0078125 0.20390625 0.015625 0.015625
7 0.0296875 0.2203125 0.0390625 0.03046875
7 0.00546875 0.24765625 0.01015625 0.02890625
7 0.12578125 0.27734375 0.059375 0.04453125
7 0.11484375 0.20703125 0.025 0.021875
7 0.1515625 0.1984375 0.0328125 0.025
7 0.27109375 0.19140625 0.0515625 0.0375
7 0.24921875 0.32578125 0.084375 0.0625
7 0.47734375 0.2125 0.0734375 0.05390625
12 0.021875 0.4484375 0.04375 0.4375
12 0.00546875 0.2015625 0.01015625 0.0265625
12 0.04453125 0.41796875 0.075 0.42734375
12 0.10546875 0.471875 0.0953125 0.43125
12 0.11953125 0.22421875 0.05703125 0.05390625
12 0.17890625 0.25 0.08671875 0.1359375
12 0.2421875 0.48828125 0.16875 0.39765625
12 0.30703125 0.29453125 0.12890625 0.24921875
12 0.340625 0.17890625 0.03359375 0.1328125
12 0.45625 0.146875 0.0296875 0.09765625
12 0.49296875 0.3296875 0.134375 0.2875
12 0.625 0.50234375 0.08671875 0.36875
12 0.83359375 0.446875 0.18203125 0.478125
3 0.60390625 0.33671875 0.0421875 0.053125