3 0.8609375 0.28515625 0.08515625 0.07265625
12 0.2484375 0.8484375 0.315625 0.303125
4 0.61171875 0.409375 0.01953125 0.03671875
4 0.8765625 0.3703125 0.0296875 0.0484375
4 0.04609375 0.3078125 0.0234375 0.02265625
4 0.0734375 0.284375 0.025 0.01875
4 0.30078125 0.27265625 0.02578125 0.02265625
4 0.1703125 0.33984375 0.0234375 0.02265625
4 0.28671875 0.41328125 0.03203125 0.03125
4 0.49765625 0.3 0.03515625 0.0296875
7 0.475 0.13828125 0.01953125 0.0109375
7 0.365625 0.15078125 0.015625 0.0109375
7 0.046875 0.234375 0.01796875 0.015625
7 0.034375 0.22890625 0.015625 0.0140625
7 0.06875 0.2484375 0.03828125 0.02890625
7 0.0296875 0.27578125 0.04296875 0.02890625
7 0.16171875 0.303125 0.05703125 0.04296875
7 0.1515625 0.23515625 0.02421875 0.02109375
7 0.18671875 0.2265625 0.03125 0.02421875
7 0.30234375 0.2203125 0.05 0.0359375
7 0.28125 0.35 0.08125 0.06015625
7 0.50078125 0.240625 0.07109375 0.0515625
12 0.00625 0.2703125 0.0125 0.040625
12 0.04140625 0.46875 0.0828125 0.421875
12 0.0328125 0.23046875 0.0109375 0.02421875
12 0.04453125 0.23203125 0.0171875 0.025
12 0.08359375 0.43828125 0.07265625 0.41171875
12 0.1421875 0.490625 0.09140625 0.41640625
12 0.15546875 0.2515625 0.05546875 0.0515625
12 0.21328125 0.2765625 0.08359375 0.13125
12 0.27421875 0.50625 0.16328125 0.38359375
12 0.33671875 0.31953125 0.12421875 0.240625
12 0.36875 0.2078125 0.03203125 0.128125
12 0.48046875 0.17734375 0.02890625 0.09375
12 0.51640625 0.353125 0.1296875 0.27734375
12 0.64296875 0.51953125 0.08359375 0.35546875
12 0.84453125 0.46640625 0.17578125 0.4609375
3 0.62265625 0.36015625 0.040625 0.0515625