12 0.72265625 0.29765625 0.053125 0.3078125
12 0.78125 0.26328125 0.046875 0.2828125
12 0.60703125 0.571875 0.3015625 0.85625
12 0.32109375 0.57265625 0.29765625 0.8546875
12 0.11953125 0.5359375 0.22109375 0.928125
8 0.16484375 0.26875 0.06328125 0.09453125
7 0.14765625 0.10234375 0.09296875 0.08671875
7 0.38125 0.2265625 0.14609375 0.153125
7 0.61328125 0.209375 0.13515625 0.140625
7 0.71328125 0.15390625 0.01328125 0.021875
7 0.78046875 0.13203125 0.01640625 0.0203125
4 0.390625 0.49296875 0.13203125 0.22578125
4 0.64140625 0.44375 0.1078125 0.1875