8 0.0546875 0.05390625 0.04296875 0.04453125
8 0.11171875 0.01484375 0.0375 0.0265625
4 0.2859375 0.07734375 0.059375 0.05546875
4 0.50234375 0.1453125 0.06484375 0.03515625
4 0.8578125 0.08984375 0.04453125 0.04296875
4 0.859375 0.20625 0.0546875 0.04765625
4 0.9390625 0.35390625 0.07421875 0.05546875
4 0.9734375 0.659375 0.053125 0.05625
4 0.58203125 0.83671875 0.08125 0.0703125
4 0.36796875 0.9453125 0.07265625 0.06953125
4 0.153125 0.73515625 0.04453125 0.04453125
4 0.096875 0.80703125 0.07421875 0.06328125
4 0.025 0.89921875 0.0484375 0.0984375
8 0.071875 0.49296875 0.0609375 0.0453125
4 0.04296875 0.3609375 0.0640625 0.05546875
4 0.24375 0.2703125 0.06015625 0.06015625
4 0.4859375 0.278125 0.06875 0.05390625
4 0.50625 0.43984375 0.05859375 0.0578125
4 0.25234375 0.51171875 0.0515625 0.065625
4 0.51796875 0.75703125 0.05390625 0.05703125
4 0.66015625 0.50390625 0.04765625 0.05
4 0.67734375 0.2765625 0.059375 0.0609375
4 0.77734375 0.27578125 0.06953125 0.07109375
7 0.934375 0.26328125 0.0859375 0.08515625
7 0.86171875 0.0296875 0.0640625 0.04140625
7 0.85234375 0.13515625 0.0625 0.04609375
7 0.775 0.18671875 0.0734375 0.05390625
7 0.678125 0.19375 0.0734375 0.05
7 0.9671875 0.55078125 0.065625 0.09140625
7 0.65390625 0.41328125 0.078125 0.0828125
7 0.52578125 0.6609375 0.08515625 0.08046875
7 0.59375 0.7390625 0.1 0.07109375
7 0.5140625 0.07578125 0.0828125 0.0640625
7 0.290625 0.01328125 0.06796875 0.0265625
7 0.24453125 0.18203125 0.06953125 0.05859375
7 0.0171875 0.23671875 0.034375 0.05234375
7 0.0375 0.2859375 0.06640625 0.05234375
7 0.0828125 0.40625 0.1015625 0.07578125
7 0.090625 0.70390625 0.08046875 0.04921875
7 0.13671875 0.64453125 0.046875 0.04609375
7 0.0265625 0.778125 0.0515625 0.0796875
7 0.2796875 0.4140625 0.08984375 0.0625
7 0.50078125 0.3515625 0.071875 0.0578125
7 0.5 0.1921875 0.08515625 0.06875
7 0.37734375 0.84453125 0.07421875 0.0578125
12 0.36953125 0.096875 0.09375 0.190625
12 0.21796875 0.07265625 0.075 0.14140625
12 0.30234375 0.19296875 0.20859375 0.38203125
12 0.134375 0.15859375 0.13125 0.3171875
12 0.0734375 0.19140625 0.146875 0.3828125
12 0.01796875 0.28984375 0.0359375 0.1734375
12 0.03984375 0.396875 0.0796875 0.2734375
12 0.1171875 0.5859375 0.228125 0.43515625
12 0.18125 0.8109375 0.1625 0.378125
12 0.1515625 0.83828125 0.215625 0.32265625
12 0.05703125 0.8671875 0.1125 0.26484375
12 0.2421875 0.35546875 0.20390625 0.41640625
12 0.28125 0.68671875 0.2171875 0.6265625
12 0.375 0.90625 0.1921875 0.1875
12 0.60546875 0.85234375 0.27578125 0.29453125
12 0.4984375 0.78046875 0.15078125 0.31953125
12 0.48046875 0.540625 0.2 0.4390625
12 0.478125 0.38671875 0.22421875 0.471875
12 0.50703125 0.1953125 0.1890625 0.30703125
12 0.5171875 0.103125 0.2 0.20625
12 0.6796875 0.13125 0.19296875 0.2625
12 0.66796875 0.32421875 0.1640625 0.30390625
12 0.67734375 0.68515625 0.2296875 0.6296875
12 0.87578125 0.75 0.2484375 0.5
12 0.90078125 0.43203125 0.1984375 0.4203125
12 0.784375 0.5640625 0.1859375 0.81953125
12 0.85625 0.240625 0.11640625 0.26796875
12 0.8 0.071875 0.06796875 0.14375
12 0.85546875 0.1265625 0.14375 0.23984375
12 0.93515625 0.04609375 0.0328125 0.09140625
12 0.96640625 0.128125 0.0640625 0.25625