12 0.76875 0.27421875 0.05625 0.328125
12 0.83125 0.2375 0.05 0.3015625
12 0.6453125 0.553125 0.321875 0.89375
12 0.34140625 0.55546875 0.31640625 0.88828125
12 0.1265625 0.515625 0.23671875 0.96796875
8 0.175 0.24375 0.0671875 0.10078125
7 0.15703125 0.065625 0.09921875 0.0921875
7 0.40546875 0.1984375 0.15546875 0.1625
7 0.65234375 0.18046875 0.14375 0.14921875
7 0.759375 0.121875 0.0140625 0.02265625
7 0.8296875 0.09765625 0.0171875 0.021875
4 0.41484375 0.48203125 0.140625 0.23984375
4 0.68203125 0.4296875 0.11484375 0.2