8 0.0515625 0.015625 0.04453125 0.03125
4 0.29609375 0.03515625 0.0625 0.05859375
4 0.5234375 0.10703125 0.06796875 0.03671875
4 0.89765625 0.04921875 0.04609375 0.0453125
4 0.9 0.17109375 0.0578125 0.05
4 0.97109375 0.3234375 0.0578125 0.059375
4 0.60703125 0.83203125 0.0859375 0.0734375
4 0.38203125 0.94609375 0.07578125 0.0734375
4 0.15546875 0.72578125 0.046875 0.046875
4 0.096875 0.80078125 0.078125 0.06640625
4 0.02265625 0.896875 0.04453125 0.1015625
8 0.0703125 0.471875 0.0640625 0.04765625
4 0.03984375 0.33359375 0.06796875 0.05859375
4 0.2515625 0.23828125 0.06328125 0.06328125
4 0.50625 0.24609375 0.07265625 0.05625
4 0.52734375 0.415625 0.06171875 0.06015625
4 0.26015625 0.49140625 0.05390625 0.06875
4 0.540625 0.7484375 0.05703125 0.06015625
4 0.6890625 0.4828125 0.05 0.05234375
4 0.7078125 0.24453125 0.0625 0.0640625
4 0.8125 0.24375 0.07265625 0.07421875
7 0.965625 0.22890625 0.06875 0.0875
7 0.8921875 0.09609375 0.065625 0.04765625
7 0.8109375 0.15 0.07734375 0.05625
7 0.70859375 0.1578125 0.07734375 0.05234375
7 0.98828125 0.5296875 0.0234375 0.09453125
7 0.68359375 0.38828125 0.0828125 0.0875
7 0.5484375 0.64765625 0.0890625 0.084375
7 0.61953125 0.7296875 0.1046875 0.07421875
7 0.5359375 0.034375 0.08671875 0.0671875
7 0.2515625 0.1453125 0.07265625 0.06171875
7 0.01484375 0.20078125 0.02890625 0.05234375
7 0.034375 0.2515625 0.06875 0.05625
7 0.08203125 0.38046875 0.10703125 0.0796875
7 0.08984375 0.69296875 0.084375 0.0515625
7 0.1390625 0.63046875 0.04921875 0.0484375
7 0.0234375 0.76875 0.046875 0.084375
7 0.2890625 0.38828125 0.09453125 0.065625
7 0.521875 0.3234375 0.07578125 0.0609375
7 0.52109375 0.15625 0.08984375 0.071875
7 0.39140625 0.840625 0.078125 0.0609375
12 0.38203125 0.0765625 0.0984375 0.153125
12 0.2234375 0.05234375 0.07890625 0.1046875
12 0.3109375 0.178125 0.21875 0.35625
12 0.134375 0.14296875 0.140625 0.2859375
12 0.075 0.1765625 0.15 0.353125
12 0.015625 0.25703125 0.03125 0.178125
12 0.03984375 0.3703125 0.07890625 0.28671875
12 0.11875 0.56640625 0.23671875 0.4546875
12 0.18515625 0.80234375 0.17109375 0.3953125
12 0.15234375 0.83203125 0.2265625 0.3359375
12 0.05625 0.86171875 0.1125 0.2765625
12 0.24921875 0.32734375 0.21484375 0.4375
12 0.28984375 0.67265625 0.2296875 0.6546875
12 0.3875 0.9015625 0.203125 0.196875
12 0.63125 0.84609375 0.28984375 0.3078125
12 0.51953125 0.7734375 0.15859375 0.33515625
12 0.50078125 0.521875 0.21015625 0.4609375
12 0.4984375 0.36015625 0.2359375 0.49453125
12 0.5265625 0.159375 0.2 0.31796875
12 0.53828125 0.08359375 0.2078125 0.1671875
12 0.70859375 0.11328125 0.2015625 0.2265625
12 0.69765625 0.29453125 0.17265625 0.31875
12 0.7078125 0.67109375 0.2421875 0.65703125
12 0.8921875 0.7390625 0.215625 0.521875
12 0.91953125 0.40703125 0.16015625 0.44375
12 0.8203125 0.54609375 0.1953125 0.86015625
12 0.89609375 0.20703125 0.12265625 0.28046875
12 0.83515625 0.05234375 0.07109375 0.1046875
12 0.89375 0.10703125 0.15 0.21328125
12 0.9765625 0.02421875 0.034375 0.0484375
12 0.9890625 0.11171875 0.021875 0.2234375