12 0.73125 0.2984375 0.05390625 0.3140625
12 0.790625 0.26328125 0.04765625 0.2890625
12 0.61328125 0.56875 0.30703125 0.8625
12 0.3234375 0.57109375 0.30234375 0.85703125
12 0.11796875 0.5328125 0.22578125 0.93359375
8 0.16484375 0.26953125 0.0640625 0.096875
7 0.14765625 0.09921875 0.09453125 0.08828125
7 0.384375 0.22578125 0.1484375 0.15625
7 0.6203125 0.20859375 0.13671875 0.14296875
7 0.721875 0.15234375 0.01328125 0.021875
7 0.78984375 0.1296875 0.01640625 0.02109375
4 0.39375 0.4984375 0.13359375 0.23046875
4 0.6484375 0.44765625 0.109375 0.19140625