8 0.01484375 0.05546875 0.0296875 0.046875
8 0.06953125 0.01640625 0.040625 0.02890625
4 0.2578125 0.0828125 0.06484375 0.06015625
4 0.4921875 0.15703125 0.0703125 0.0375
4 0.8765625 0.096875 0.04765625 0.04609375
4 0.878125 0.22265625 0.059375 0.0515625
4 0.9609375 0.3796875 0.078125 0.0609375
4 0.9859375 0.71015625 0.028125 0.0609375
4 0.578125 0.903125 0.08828125 0.07578125
4 0.34453125 0.990625 0.078125 0.01796875
4 0.1140625 0.79375 0.04765625 0.0484375
4 0.053125 0.87109375 0.08046875 0.06796875
8 0.028125 0.5296875 0.05625 0.046875
4 0.01484375 0.38671875 0.0296875 0.0609375
4 0.2125 0.2921875 0.06484375 0.06484375
4 0.47421875 0.3 0.07421875 0.0578125
4 0.49609375 0.47421875 0.06328125 0.0625
4 0.221875 0.55234375 0.05546875 0.07109375
4 0.509375 0.81640625 0.05859375 0.06171875
4 0.66171875 0.54375 0.0515625 0.05390625
4 0.68125 0.2984375 0.06484375 0.06640625
4 0.7890625 0.29765625 0.075 0.0765625
7 0.95546875 0.28203125 0.0890625 0.08984375
7 0.8796875 0.03203125 0.06875 0.04453125
7 0.8703125 0.14609375 0.0671875 0.04921875
7 0.78671875 0.2015625 0.07890625 0.0578125
7 0.68203125 0.20859375 0.0796875 0.05390625
7 0.978125 0.59140625 0.04296875 0.096875
7 0.65546875 0.44609375 0.084375 0.08984375
7 0.5171875 0.71328125 0.09140625 0.08671875
7 0.590625 0.79765625 0.1078125 0.0765625
7 0.5046875 0.08203125 0.0890625 0.06953125
7 0.26328125 0.0140625 0.0734375 0.028125
7 0.2125 0.196875 0.075 0.06328125
7 0.0125 0.30546875 0.02421875 0.0578125
7 0.04609375 0.43671875 0.0921875 0.0828125
7 0.046875 0.759375 0.08671875 0.053125
7 0.096875 0.6953125 0.05078125 0.05
7 0.25078125 0.446875 0.096875 0.06796875
7 0.48984375 0.3796875 0.078125 0.0625
7 0.4890625 0.2078125 0.0921875 0.07421875
7 0.35625 0.91171875 0.08046875 0.0625
12 0.3484375 0.1046875 0.1015625 0.20546875
12 0.184375 0.078125 0.08125 0.153125
12 0.275 0.2078125 0.22578125 0.4125
12 0.09296875 0.17109375 0.1421875 0.3421875
12 0.05390625 0.2046875 0.1078125 0.409375
12 0.0171875 0.42734375 0.034375 0.2953125
12 0.0984375 0.62890625 0.196875 0.4671875
12 0.14453125 0.834375 0.17578125 0.33125
12 0.11328125 0.8640625 0.2265625 0.26875
12 0.03515625 0.8953125 0.0703125 0.20859375
12 0.21015625 0.38359375 0.2203125 0.45
12 0.25234375 0.7015625 0.23515625 0.596875
12 0.35234375 0.93671875 0.2078125 0.12578125
12 0.60234375 0.8796875 0.29765625 0.240625
12 0.48671875 0.834375 0.1625 0.33125
12 0.46796875 0.58359375 0.21640625 0.47421875
12 0.465625 0.4171875 0.2421875 0.50859375
12 0.496875 0.2109375 0.2046875 0.33125
12 0.5078125 0.11171875 0.215625 0.22265625
12 0.68359375 0.14140625 0.20859375 0.2828125
12 0.67109375 0.34921875 0.17734375 0.328125
12 0.68046875 0.69921875 0.2484375 0.6015625
12 0.8796875 0.76953125 0.240625 0.46015625
12 0.9078125 0.465625 0.18359375 0.45703125
12 0.79453125 0.5828125 0.2 0.834375
12 0.87421875 0.26015625 0.1265625 0.2890625
12 0.81328125 0.07734375 0.0734375 0.1546875
12 0.8734375 0.13671875 0.15546875 0.25859375
12 0.959375 0.04921875 0.03515625 0.0984375
12 0.9796875 0.13828125 0.040625 0.2765625