8 0.5078125 0.59765625 0.1328125 0.109375
8 0.3359375 0.35078125 0.0203125 0.01796875
8 0.00625 0.440625 0.0125 0.03984375
7 0.01015625 0.36953125 0.01953125 0.04375
7 0.178125 0.2671875 0.02890625 0.02421875
7 0.334375 0.31328125 0.034375 0.02578125
7 0.49921875 0.28828125 0.1875 0.13984375
12 0.61953125 0.32890625 0.05859375 0.10625
12 0.3390625 0.43515625 0.125 0.2734375
12 0.184375 0.38984375 0.0796875 0.2828125
12 0.040625 0.475 0.08125 0.25859375
12 0.5140625 0.609375 0.58125 0.78125
4 0.17421875 0.303125 0.0234375 0.01875