7 0.0859375 0.16328125 0.07578125 0.084375
3 0.26015625 0.1515625 0.090625 0.09921875
3 0.5421875 0.06484375 0.0890625 0.0984375
3 0.83046875 0.0875 0.0984375 0.1015625
8 0.8265625 0.20703125 0.053125 0.05390625
8 0.5421875 0.18984375 0.05546875 0.06171875
8 0.278125 0.28828125 0.05703125 0.059375
8 0.08515625 0.28671875 0.04921875 0.05625
12 0.7953125 0.5171875 0.3125 0.965625
12 0.52734375 0.50703125 0.30390625 0.98515625
12 0.28203125 0.54296875 0.2359375 0.9140625
12 0.084375 0.5578125 0.16875 0.884375
2 0.25703125 0.65234375 0.07421875 0.1359375
2 0.303125 0.65 0.053125 0.14453125