3 0.1865234375 0.286279965625 0.1650390625 0.29430650625 0.15625 0.30634631875 0.158203125 0.3197238875 0.1806640625 0.3531678078125 0.1962890625 0.36119435 0.201171875 0.3598565921875 0.208984375 0.3571810796875 0.20703125 0.3090218328125 0.1923828125 0.2889554796875 0.1865234375 0.286279965625
3 0.5830078125 0.395976028125 0.5703125 0.413366865625 0.580078125 0.4267444359375 0.5849609375 0.441459759375 0.595703125 0.44547303125 0.6015625 0.437446490625 0.599609375 0.40534032499999995 0.5908203125 0.395976028125 0.5830078125 0.395976028125
3 0.7529296875 0.2461472609375 0.7431640625 0.2461472609375 0.73046875 0.2555115578125 0.7265625 0.2662136125 0.7265625 0.28761772343750003 0.734375 0.3090218328125 0.7373046875 0.31303510156250003 0.7421875 0.3116973453125 0.765625 0.28226669531250004 0.771484375 0.2662136125 0.7705078125 0.256849315625 0.7529296875 0.2461472609375
13 0.115234375 0.7638591609375001 0.115234375 0.7718857015625 0.1259765625 0.7839255125 0.150390625 0.78258775625 0.15234375 0.7718857015625 0.1416015625 0.7544948625 0.1240234375 0.7544948625 0.115234375 0.7638591609375001
13 0.0908203125 0.7651969171874999 0.095703125 0.758508134375 0.095703125 0.7504815921875 0.0888671875 0.746468321875 0.0732421875 0.7544948625 0.0517578125 0.7518193484375 0.03125 0.774561215625 0.0341796875 0.786601028125 0.041015625 0.7852632703125 0.0478515625 0.78125 0.0673828125 0.78125 0.0751953125 0.7705479453125 0.0908203125 0.7651969171874999
13 0.5634765625 0.6715539390624999 0.5517578125 0.6715539390624999 0.5400390625 0.6876070203125 0.5341796875 0.6876070203125 0.501953125 0.6728916953125 0.501953125 0.6809182359375 0.5185546875 0.698309075 0.5283203125 0.703660103125 0.541015625 0.7023223453125 0.5458984375 0.690282534375 0.5634765625 0.6876070203125 0.56640625 0.675567209375 0.5634765625 0.6715539390624999
13 0.8935546875 0.7678724328125 0.8857421875 0.7732234578125 0.8701171875 0.7705479453125 0.87109375 0.795965325 0.876953125 0.8146939203124999 0.8837890625 0.82405821875 0.90234375 0.8227204625000001 0.90625 0.8146939203124999 0.90625 0.795965325 0.896484375 0.7718857015625 0.8935546875 0.7678724328125
13 0.8369140625 0.7973030828125001 0.8251953125 0.7973030828125001 0.8037109375 0.7892765421875 0.7998046875 0.7999785968750001 0.7861328125 0.8080051375 0.783203125 0.8146939203124999 0.7861328125 0.8267337328125001 0.7998046875 0.8320847609375001 0.81640625 0.830747003125 0.8251953125 0.82138270625 0.8330078125 0.82138270625 0.841796875 0.8146939203124999 0.8369140625 0.7973030828125001
2 0.0673828125 0.46018835625000004 0.060546875 0.466877140625 0.060546875 0.47490368125 0.076171875 0.50165881875 0.080078125 0.50165881875 0.08984375 0.48293022187499995 0.091796875 0.46955265468749996 0.0849609375 0.46018835625000004 0.0673828125 0.46018835625000004
2 0.181640625 0.571222175 0.1708984375 0.5538313359375 0.1611328125 0.5484803078125 0.1513671875 0.5538313359375 0.140625 0.5765732015625 0.140625 0.5819242296875 0.1474609375 0.5886130140625 0.158203125 0.5872752578125 0.1611328125 0.5832619859375 0.1669921875 0.5859375 0.1728515625 0.57255993125 0.181640625 0.571222175
2 0.8271484375 0.28092893750000003 0.8173828125 0.2889554796875 0.810546875 0.30634631875 0.8212890625 0.31571061718750004 0.8251953125 0.3076840765625 0.8291015625 0.3076840765625 0.8330078125 0.31303510156250003 0.857421875 0.3170483734375 0.86328125 0.3090218328125 0.86328125 0.30367080468749996 0.8388671875 0.28092893750000003 0.8271484375 0.28092893750000003