3 0.7490234375 0.2951388890625 0.732421875 0.3454861109375 0.7373046875 0.35069444375000003 0.79296875 0.35590277812500004 0.791015625 0.3072916671875 0.7822265625 0.2916666671875 0.7705078125 0.28472222187499996 0.7490234375 0.2951388890625
3 0.5654296875 0.28819444375000003 0.5517578125 0.28819444375000003 0.537109375 0.3072916671875 0.53125 0.35243055624999997 0.54296875 0.35243055624999997 0.5810546875 0.34722222187499996 0.583984375 0.3420138890625 0.5732421875 0.2951388890625 0.5654296875 0.28819444375000003
3 0.3974609375 0.27777777812500004 0.3828125 0.296875 0.380859375 0.3142361109375 0.3828125 0.35243055624999997 0.388671875 0.359375 0.4384765625 0.33680555624999997 0.443359375 0.32465277812500004 0.4189453125 0.27777777812500004 0.3974609375 0.27777777812500004
3 0.2197265625 0.33680555624999997 0.2060546875 0.34722222187499996 0.1953125 0.3697916671875 0.1953125 0.4045138890625 0.201171875 0.4392361109375 0.2060546875 0.4479166671875 0.216796875 0.44618055625 0.2607421875 0.40277777812500004 0.2734375 0.3802083328125 0.2373046875 0.33680555624999997 0.2197265625 0.33680555624999997
3 0.064453125 0.3420138890625 0.0546875 0.30034722187499996 0.0439453125 0.28125 0.0205078125 0.2638888890625 0.0009765625 0.2638888890625 0 0.3697916671875 0.005859375 0.3697916671875 0.0400390625 0.3576388890625 0.0712890625 0.3576388890625 0.07421875 0.35243055624999997 0.064453125 0.3420138890625
3 0.1767578125 0.2951388890625 0.1650390625 0.2986111109375 0.154296875 0.3142361109375 0.150390625 0.33506944375000003 0.150390625 0.3697916671875 0.16015625 0.3697916671875 0.1962890625 0.3611111109375 0.20703125 0.3420138890625 0.1904296875 0.3020833328125 0.1767578125 0.2951388890625
3 0.3662109375 0.2673611109375 0.3505859375 0.2673611109375 0.3427734375 0.27430555624999997 0.3359375 0.296875 0.3359375 0.328125 0.34375 0.328125 0.3798828125 0.31944444375000003 0.3828125 0.296875 0.376953125 0.2795138890625 0.3662109375 0.2673611109375
9 0.439453125 0.9010416671874999 0.447265625 0.855902778125 0.453125 0.671875 0.4609375 0.6649305562500001 0.4609375 0.609375 0.453125 0.5260416671875 0.453125 0.4739583328125 0.4453125 0.4357638890625 0.4384765625 0.4236111109375 0.4248046875 0.4166666671875 0.41796875 0.44618055625 0.4130859375 0.4513888890625 0.41015625 0.4357638890625 0.3857421875 0.40277777812500004 0.353515625 0.44618055625 0.34765625 0.48090277812500004 0.34765625 0.546875 0.34375 0.5850694437499999 0.34765625 0.6927083328125 0.3525390625 0.7013888890625 0.3720703125 0.6979166671875 0.376953125 0.737847221875 0.373046875 0.765625 0.36328125 0.7899305562500001 0.36328125 0.859375 0.359375 0.894097221875 0.361328125 0.953125 0.357421875 0.984375 0.3623046875 0.996527778125 0.390625 0.9947916671874999 0.388671875 0.9079861109375 0.384765625 0.8975694437499999 0.388671875 0.894097221875 0.388671875 0.862847221875 0.39453125 0.859375 0.3984375 0.824652778125 0.4091796875 0.7916666671875 0.412109375 0.9427083328125001 0.408203125 0.9461805562500001 0.404296875 0.984375 0.41015625 0.9947916671874999 0.4130859375 0.9861111109375 0.4365234375 0.9861111109375 0.44140625 0.9774305562500001 0.439453125 0.9010416671874999
9 0.787109375 0.9045138890625 0.78515625 0.824652778125 0.791015625 0.7586805562500001 0.7880859375 0.75 0.779296875 0.7482638890625 0.78125 0.7135416671875 0.7978515625 0.722222221875 0.80859375 0.7204861109375 0.826171875 0.6197916671875 0.83203125 0.550347221875 0.830078125 0.4635416671875 0.7900390625 0.41319444375 0.7646484375 0.4479166671875 0.7548828125 0.44444444375 0.7490234375 0.4236111109375 0.7333984375 0.4236111109375 0.720703125 0.4357638890625 0.701171875 0.519097221875 0.68359375 0.6302083328125 0.68359375 0.6545138890625 0.6884765625 0.6631944437499999 0.6962890625 0.659722221875 0.69921875 0.668402778125 0.69921875 0.921875 0.693359375 0.9322916671874999 0.69140625 0.9635416671874999 0.7001953125 0.9791666671874999 0.72265625 0.9739583328125001 0.732421875 0.831597221875 0.7392578125 0.8055555562500001 0.744140625 0.8350694437499999 0.744140625 0.8836805562500001 0.751953125 0.9774305562500001 0.7587890625 0.996527778125 0.77734375 0.9982638890625 0.7841796875 0.996527778125 0.787109375 0.987847221875 0.783203125 0.9635416671874999 0.787109375 0.9045138890625
9 0.55078125 0.7586805562500001 0.5595703125 0.7083333328125 0.564453125 0.7204861109375 0.564453125 0.8767361109375 0.556640625 0.9079861109375 0.5634765625 0.9305555562500001 0.5859375 0.9288194437499999 0.59765625 0.862847221875 0.609375 0.6614583328125 0.6171875 0.644097221875 0.61328125 0.5399305562500001 0.626953125 0.5260416671875 0.62890625 0.48784722187499996 0.62109375 0.41840277812500004 0.5947265625 0.3888888890625 0.5830078125 0.3854166671875 0.5703125 0.41840277812500004 0.5615234375 0.4270833328125 0.5419921875 0.40277777812500004 0.5263671875 0.41319444375 0.515625 0.44965277812500004 0.51171875 0.4947916671875 0.5 0.519097221875 0.5 0.5295138890625 0.5078125 0.5364583328125 0.5048828125 0.5729166671875 0.5244140625 0.5416666671875 0.529296875 0.550347221875 0.521484375 0.609375 0.51953125 0.668402778125 0.525390625 0.7552083328125 0.51953125 0.7795138890625 0.509765625 0.9010416671874999 0.515625 0.9149305562500001 0.515625 0.9288194437499999 0.53125 0.9427083328125001 0.5390625 0.925347221875 0.5390625 0.8767361109375 0.548828125 0.824652778125 0.55078125 0.7586805562500001
9 0.2890625 0.7482638890625 0.287109375 0.6961805562500001 0.279296875 0.6510416671875 0.27734375 0.612847221875 0.263671875 0.515625 0.2578125 0.4982638890625 0.25390625 0.4982638890625 0.2509765625 0.5208333328125 0.2060546875 0.4583333328125 0.203125 0.47743055625 0.185546875 0.5086805562500001 0.169921875 0.5607638890625 0.169921875 0.6510416671875 0.189453125 0.7795138890625 0.189453125 0.8767361109375 0.193359375 0.9079861109375 0.19140625 0.9982638890625 0.271484375 0.9982638890625 0.275390625 0.980902778125 0.283203125 0.8524305562500001 0.283203125 0.7552083328125 0.2890625 0.7482638890625
9 0 0.9947916671874999 0.0185546875 1 0.087890625 0.9982638890625 0.09375 0.9947916671874999 0.099609375 0.9322916671874999 0.09765625 0.921875 0.111328125 0.855902778125 0.10546875 0.831597221875 0.083984375 0.6545138890625 0.08203125 0.578125 0.05859375 0.4947916671875 0.0380859375 0.46875 0.033203125 0.4739583328125 0.0322265625 0.5243055562500001 0.0185546875 0.503472221875 0 0.49131944375 0 0.9947916671874999
6 0.4560546875 0.6979166671875 0.4599609375 0.684027778125 0.458984375 0.699652778125 0.462890625 0.703125 0.462890625 0.675347221875 0.4580078125 0.6701388890625 0.453125 0.6892361109375 0.4560546875 0.6979166671875
6 0.3623046875 0.7604166671875 0.373046875 0.762152778125 0.373046875 0.699652778125 0.3525390625 0.7048611109375 0.353515625 0.7413194437499999 0.3623046875 0.7604166671875
6 0.2216796875 0.8541666671874999 0.23828125 0.859375 0.2421875 0.8524305562500001 0.2392578125 0.8055555562500001 0.21484375 0.828125 0.2216796875 0.8541666671874999
6 0.5771484375 0.4513888890625 0.556640625 0.4670138890625 0.556640625 0.47743055625 0.5712890625 0.5069444437499999 0.5849609375 0.5208333328125 0.58984375 0.519097221875 0.58984375 0.4982638890625 0.583984375 0.48784722187499996 0.58203125 0.4635416671875 0.5771484375 0.4513888890625
6 0.6904296875 0.6979166671875 0.6953125 0.6961805562500001 0.69921875 0.6614583328125 0.6845703125 0.65625 0.68359375 0.6822916671875 0.6904296875 0.6979166671875
6 0.779296875 0.7135416671875 0.779296875 0.7482638890625 0.791015625 0.7517361109375 0.80078125 0.7413194437499999 0.8046875 0.7239583328125 0.7822265625 0.7083333328125 0.779296875 0.7135416671875
5 0.5799429828125 0.369953240625 0.58190174375 0.3590140484375 0.5785438625 0.35155551093750004 0.5741544046875 0.35213933124999997 0.5687500203125 0.3749255984375 0.5754657812499999 0.37940071249999996 0.5799429828125 0.369953240625
5 0.7822557796875 0.375422828125 0.78197598125 0.3605057515625 0.7739120015625 0.360846415625 0.7707830171875 0.38288136562499997 0.776659296875 0.38735649687499996 0.7822557796875 0.375422828125
4 0.7422409265625001 0.401279096875 0.7422409265625001 0.41370999375000006 0.7422409265625001 0.42116853125000003 0.7520347703125 0.4206712828125 0.7570716125 0.41719064687499996 0.76266809375 0.40575420781249993 0.76658565625 0.3963067375 0.7677049359375 0.38437306875 0.76658565625 0.37790900625 0.7640672140625 0.37045046875 0.7525944515625 0.3734338765625 0.7403275359375 0.3701754328125 0.7386032484375 0.3774117796875 0.74000236875 0.3863620203125 0.741961128125 0.38884820000000003 0.7422409265625001 0.401279096875
4 0.5438456734375 0.4027708 0.5533596968750001 0.40724593125 0.5595158171875 0.39978739218750003 0.564552659375 0.3813896609375 0.5631535390625 0.37094769843750003 0.5533596968750001 0.368958765625 0.54412549375 0.363489159375 0.5379693718749999 0.36796429062499997 0.5396483109375 0.3784062359375 0.53992813125 0.3903399046875 0.5438456734375 0.4027708
8 0.2626360421875 0.47577718124999996 0.265714103125 0.4643407609375 0.265714103125 0.4553905171875 0.2687921640625 0.4454458 0.2651544421875 0.43898173749999997 0.24220887656249998 0.4394789671875 0.243607996875 0.46384353125000005 0.2564799 0.4827384890625 0.2626360421875 0.47577718124999996
8 0.417938384375 0.39721391875 0.42549366875 0.406164159375 0.431373684375 0.404588834375 0.4330140296875 0.397926346875 0.4340294875 0.3926518765625 0.4355673109375 0.383788546875 0.43696643125 0.37533554375 0.4394848734375 0.3688714703125 0.43771751718749996 0.360846415625 0.426892790625 0.363401884375 0.4182182265625 0.363401884375 0.41486034531250005 0.376827265625 0.417938384375 0.39721391875
5 0.0109375 0.39375 0.01953125 0.04609375
8 0.04453125 0.42578125 0.0390625 0.071875
9 0.15859375 0.690625 0.08984375 0.55078125
9 0.3421875 0.61953125 0.08984375 0.50625
5 0.1671875 0.38828125 0.01328125 0.0328125
5 0.3484375 0.3421875 0.0125 0.03046875
5 0.4015625 0.37109375 0.0125 0.0265625
14 0.4140625 0.3890625 0.0203125 0.07734375
14 0.35703125 0.3515625 0.0140625 0.0484375
14 0.1734375 0.3953125 0.01875 0.0578125
14 0.2390625 0.4671875 0.021875 0.06875
14 0.56484375 0.38671875 0.01484375 0.0671875
14 0.771875 0.3921875 0.01484375 0.07421875