3 0.8168327953125001 0.299122190625 0.8011981734375 0.3205187859375 0.79911355625 0.37187061093749996 0.8074520218749999 0.374723490625 0.8126635625 0.3761499296875 0.8293404921875001 0.36759129218750003 0.853313578125 0.33193030156250003 0.8553981937499999 0.31766590625 0.846017421875 0.30482795 0.8230866421874999 0.2962693125 0.8168327953125001 0.299122190625
3 0.38010570625 0.45745698749999997 0.3863595546875 0.466015625 0.39782494375 0.46173630625 0.403036484375 0.4460454703125 0.413459565625 0.43178107343749994 0.399909559375 0.41323735937499995 0.3915710953125 0.41323735937499995 0.382190321875 0.42322243750000005 0.38010570625 0.45745698749999997
3 0.218547953125 0.2534761234375 0.1997864078125 0.264887640625 0.19874409843750002 0.27487271875 0.204997946875 0.29198999375 0.2300133421875 0.3233716640625 0.23522488125000002 0.324798103125 0.23835180625 0.3205187859375 0.24669027031250002 0.2976957515625 0.24669027031250002 0.27487271875 0.24252103906250003 0.2634612015625 0.228971034375 0.2534761234375 0.218547953125 0.2534761234375
13 0.8616520421875 0.82547840625 0.8877097453125 0.8269048453125001 0.8991751328124999 0.8140668890624999 0.8991751328124999 0.8055082515624999 0.8897943609375 0.7955231734375 0.871032815625 0.7955231734375 0.8595674265625 0.8140668890624999 0.8616520421875 0.82547840625
13 0.9200212953125 0.79980249375 0.9252328359374999 0.8069346906250001 0.9419097656250001 0.81264045 0.9502482296875 0.8240519656249999 0.9710943921874999 0.8240519656249999 0.9783905484375 0.8283312859375 0.9856867046875 0.829757725 0.9888136281250001 0.81691976875 0.9669251593749999 0.79267029375 0.9439943812499999 0.7955231734375 0.9273174515625 0.7869645375000001 0.9200212953125 0.7912438546875 0.9200212953125 0.79980249375
13 0.43326341875 0.70708391875 0.420755721875 0.70708391875 0.417628796875 0.7113632375 0.420755721875 0.72420119375 0.43951726718749995 0.7270540734375001 0.4447288078125 0.7398920296875 0.4582788125 0.7413184703125 0.46870189375000004 0.735612709375 0.48642113125 0.7170689953125 0.48642113125 0.7085103578124999 0.4520249640625 0.72420119375 0.44577111562500005 0.72420119375 0.43326341875 0.70708391875
13 0.0653286640625 0.8140668890624999 0.0549055828125 0.8397428015624999 0.0549055828125 0.8597129562499999 0.059074815625 0.86827159375 0.07887866875 0.869698034375 0.0861748265625 0.8597129562499999 0.0924286734375 0.8397428015624999 0.09347098125 0.81264045 0.076794053125 0.8154933281250001 0.0684555875 0.8097875703125 0.0653286640625 0.8140668890624999
13 0.1414171546875 0.8411692421874999 0.12890945781250002 0.8411692421874999 0.12369791562500002 0.8597129562499999 0.1330786890625 0.8668451546875 0.1414171546875 0.8668451546875 0.1507979265625 0.8768302312499999 0.1685171640625 0.8782566718749999 0.183109478125 0.8725509125 0.18623640156250001 0.8597129562499999 0.183109478125 0.8525807578125001 0.1685171640625 0.844022121875 0.16434793125 0.8326106046874999 0.1414171546875 0.8411692421874999
2 0.9262751437500001 0.505955934375 0.936698225 0.5259260890624999 0.94086745625 0.5259260890624999 0.9575443859374999 0.497397296875 0.9575443859374999 0.4888386578125 0.9502482296875 0.48170646093749997 0.931486684375 0.48170646093749997 0.9241905265625 0.49169153750000005 0.9262751437500001 0.505955934375
2 0.8282981843749999 0.6001009484375001 0.8376789562500001 0.6015273875 0.8439328046875 0.615791784375 0.850186653125 0.6129389046875 0.853313578125 0.6172182234375 0.864778965625 0.6186446625 0.8720751234374999 0.611512465625 0.8720751234374999 0.60580670625 0.8606097343749999 0.5815572343750001 0.850186653125 0.5758514734375 0.839763571875 0.5815572343750001 0.8282981843749999 0.6001009484375001
2 0.13933253750000002 0.29056355312500004 0.126824840625 0.29056355312500004 0.10076713906250001 0.3148130265625 0.10076713906250001 0.3205187859375 0.1070209875 0.329077421875 0.1330786890625 0.324798103125 0.13724792187499998 0.31909234531249997 0.1414171546875 0.31909234531249997 0.1455863859375 0.3276509828125 0.157051775 0.31766590625 0.14975561875 0.299122190625 0.13933253750000002 0.29056355312500004