3 0.294921875 0.0439453125 0.28515625 0.0927734375 0.2880859375 0.09765625 0.2919921875 0.08984375 0.3037109375 0.08984375 0.34765625 0.1123046875 0.34765625 0.0478515625 0.3369140625 0.029296875 0.3154296875 0.0234375 0.294921875 0.0439453125
3 0.70703125 0.0595703125 0.6904296875 0.037109375 0.6748046875 0.03515625 0.654296875 0.0537109375 0.646484375 0.0927734375 0.65234375 0.1083984375 0.6748046875 0.091796875 0.7080078125 0.091796875 0.71484375 0.0966796875 0.70703125 0.0595703125
2 0.3984375 0.1689453125 0.392578125 0.2060546875 0.40625 0.2138671875 0.423828125 0.1455078125 0.4365234375 0.123046875 0.4140625 0.1337890625 0.3984375 0.1689453125
2 0.2001953125 0.455078125 0.169921875 0.4677734375 0.16796875 0.5283203125 0.171875 0.5419921875 0.1796875 0.5458984375 0.197265625 0.5283203125 0.201171875 0.4931640625 0.220703125 0.4833984375 0.2001953125 0.455078125
2 0.861328125 0.3486328125 0.9033203125 0.359375 0.912109375 0.3740234375 0.90234375 0.3291015625 0.8759765625 0.3125 0.865234375 0.3212890625 0.861328125 0.3486328125
2 0.515625 0.0712890625 0.5078125 0.0830078125 0.50390625 0.1103515625 0.54296875 0.1376953125 0.556640625 0.1181640625 0.548828125 0.0927734375 0.5087890625 0.048828125 0.515625 0.0712890625
11 0.21875 0.9306640625 0.23046875 0.9052734375 0.236328125 0.8251953125 0.25 0.7607421875 0.24609375 0.7138671875 0.2626953125 0.654296875 0.279296875 0.6826171875 0.2890625 0.7236328125 0.28125 0.7763671875 0.283203125 0.8642578125 0.275390625 0.8837890625 0.28125 0.9208984375 0.26953125 0.9677734375 0.2783203125 0.9765625 0.3076171875 0.974609375 0.3251953125 0.982421875 0.3564453125 0.978515625 0.361328125 0.9716796875 0.359375 0.9462890625 0.3369140625 0.9375 0.328125 0.9267578125 0.349609375 0.7451171875 0.349609375 0.6572265625 0.345703125 0.6201171875 0.3125 0.4833984375 0.330078125 0.3603515625 0.33984375 0.3486328125 0.345703125 0.3173828125 0.3505859375 0.3125 0.3740234375 0.31640625 0.396484375 0.2939453125 0.404296875 0.2666015625 0.404296875 0.2158203125 0.3896484375 0.20703125 0.37890625 0.2392578125 0.3662109375 0.240234375 0.328125 0.1923828125 0.326171875 0.1787109375 0.2998046875 0.169921875 0.2841796875 0.14453125 0.2685546875 0.158203125 0.2392578125 0.169921875 0.2109375 0.2158203125 0.1953125 0.2880859375 0.19921875 0.3173828125 0.181640625 0.3662109375 0.1796875 0.4169921875 0.171875 0.4482421875 0.1767578125 0.462890625 0.1943359375 0.45703125 0.216796875 0.4716796875 0.236328125 0.5224609375 0.236328125 0.5576171875 0.228515625 0.5849609375 0.203125 0.6201171875 0.201171875 0.6513671875 0.19140625 0.6689453125 0.173828125 0.9052734375 0.18359375 0.9365234375 0.177734375 0.9384765625 0.171875 0.9619140625 0.1962890625 0.982421875 0.2265625 0.9853515625 0.2421875 0.9794921875 0.240234375 0.9599609375 0.2265625 0.9482421875 0.21875 0.9306640625
11 0.79296875 0.8408203125 0.77734375 0.7470703125 0.775390625 0.6240234375 0.767578125 0.5849609375 0.767578125 0.5693359375 0.77734375 0.5537109375 0.77734375 0.5263671875 0.759765625 0.4521484375 0.7578125 0.3291015625 0.7646484375 0.3203125 0.7998046875 0.357421875 0.8232421875 0.36328125 0.8525390625 0.35546875 0.865234375 0.3408203125 0.876953125 0.3115234375 0.8525390625 0.3046875 0.8251953125 0.283203125 0.7802734375 0.21875 0.7216796875 0.189453125 0.7138671875 0.158203125 0.70703125 0.1611328125 0.6962890625 0.1953125 0.6728515625 0.177734375 0.6630859375 0.193359375 0.6435546875 0.197265625 0.6123046875 0.1875 0.578125 0.1513671875 0.568359375 0.1298828125 0.5576171875 0.125 0.546875 0.1513671875 0.5546875 0.1591796875 0.564453125 0.1962890625 0.591796875 0.2373046875 0.59375 0.2490234375 0.626953125 0.2900390625 0.62890625 0.3662109375 0.6171875 0.4697265625 0.630859375 0.4853515625 0.623046875 0.5419921875 0.63671875 0.5654296875 0.64453125 0.6416015625 0.650390625 0.8759765625 0.658203125 0.9130859375 0.67578125 0.9189453125 0.6640625 0.9228515625 0.662109375 0.9501953125 0.642578125 0.9736328125 0.638671875 0.9951171875 0.6416015625 1 0.705078125 0.9990234375 0.703125 0.9169921875 0.71484375 0.9052734375 0.716796875 0.8505859375 0.703125 0.7001953125 0.705078125 0.6826171875 0.7138671875 0.67578125 0.73046875 0.8095703125 0.73046875 0.8740234375 0.740234375 0.9130859375 0.755859375 0.9208984375 0.748046875 0.9248046875 0.751953125 0.9951171875 0.7548828125 1 0.78125 0.9990234375 0.78515625 0.9873046875 0.77734375 0.9208984375 0.787109375 0.9091796875 0.79296875 0.8408203125
5 0.7078125 0.1171875 0.03046875 0.04140625
8 0.665625 0.14375 0.05703125 0.0515625
8 0.3125 0.14609375 0.04453125 0.0546875