7 0.1203125 0.20625 0.071875 0.07890625
3 0.284375 0.1953125 0.08515625 0.09296875
3 0.54921875 0.1140625 0.084375 0.09296875
3 0.8203125 0.13515625 0.0921875 0.0953125
8 0.81640625 0.24765625 0.05 0.05078125
8 0.54921875 0.23125 0.05234375 0.0578125
8 0.30078125 0.3234375 0.05390625 0.05546875
8 0.11953125 0.321875 0.04609375 0.053125
12 0.7890625 0.54375 0.29375 0.9125
12 0.5359375 0.53359375 0.28515625 0.9328125
12 0.3046875 0.56640625 0.221875 0.86640625
12 0.1 0.58046875 0.196875 0.8390625
2 0.28125 0.66484375 0.0703125 0.12734375
2 0.32421875 0.66328125 0.05 0.1359375