5 0.8453125 0.165625 0.02265625 0.05390625
8 0.81015625 0.2078125 0.04765625 0.03828125
5 0.1671875 0.2859375 0.0296875 0.05234375
8 0.209375 0.315625 0.04140625 0.04375
3 0.14791666718750002 0.253125 0.14791666718750002 0.2635416671875 0.15625 0.2677083328125 0.1583333328125 0.253125 0.165625 0.2479166671875 0.246875 0.2666666671875 0.23125 0.203125 0.2114583328125 0.1875 0.184375 0.1875 0.1583333328125 0.21979166718749998 0.14791666718750002 0.253125
3 0.8135416671875 0.0354166671875 0.796875 0.0416666671875 0.7729166671875001 0.0760416671875 0.7625 0.1760416671875 0.78125 0.178125 0.7947916671875 0.175 0.8447916671875 0.1291666671875 0.8854166671874999 0.103125 0.8854166671874999 0.090625 0.86875 0.0614583328125 0.8385416671874999 0.0375 0.8135416671875 0.0354166671875
2 0.24583333281250003 0.659375 0.2125 0.6135416671875 0.1989583328125 0.60625 0.171875 0.6208333328125 0.1708333328125 0.6302083328125 0.22916666718749998 0.746875 0.2416666671875 0.7552083328125 0.246875 0.7458333328125 0.259375 0.7541666671875 0.271875 0.75 0.2791666671875 0.7239583328125 0.2708333328125 0.696875 0.24583333281250003 0.659375
2 0.29375 0.596875 0.30416666718749996 0.6239583328125 0.32083333281250004 0.6322916671875001 0.3416666671875 0.603125 0.3458333328125 0.5614583328125 0.325 0.5010416671875 0.3135416671875 0.4916666671875 0.2989583328125 0.4916666671875 0.28958333281250004 0.503125 0.2979166671875 0.540625 0.29375 0.596875
2 0.8854166671874999 0.5135416671875 0.9208333328125 0.4760416671875 0.903125 0.4479166671875 0.8697916671874999 0.4625 0.8604166671875 0.4760416671875 0.8583333328125 0.5052083328125 0.8854166671874999 0.5135416671875
2 0.6604166671875 0.459375 0.6697916671875 0.43958333281249995 0.6875 0.440625 0.69375 0.41979166718750005 0.6916666671875 0.40729166718750004 0.6760416671875 0.39375 0.6395833328125 0.42395833281249995 0.6354166671875 0.43645833281249996 0.6447916671875 0.45625 0.6604166671875 0.459375
11 1 0.246875 0.9791666671874999 0.209375 0.9614583328125 0.1916666671875 0.8864583328125001 0.15 0.8875 0.171875 0.8708333328125001 0.21354166718749998 0.859375 0.2166666671875 0.8385416671874999 0.2104166671875 0.8197916671875 0.2208333328125 0.6770833328125 0.3947916671875 0.6916666671875 0.409375 0.69375 0.42395833281249995 0.703125 0.425 0.753125 0.39791666718749996 0.778125 0.3708333328125 0.828125 0.3458333328125 0.8645833328125001 0.4635416671875 0.9052083328125 0.45 0.9145833328125 0.459375 0.921875 0.48333333281249996 0.9666666671874999 0.496875 0.959375 0.5125 0.903125 0.5041666671875 0.8885416671874999 0.5145833328125 0.8614583328125001 0.5104166671875 0.8541666671874999 0.5197916671875 0.8479166671874999 0.590625 0.8541666671874999 0.6510416671875 0.8458333328125001 0.7239583328125 0.8479166671874999 0.865625 0.8375 0.9364583328125 0.8229166671874999 0.9635416671874999 0.8302083328125001 0.9708333328125001 0.8822916671875 0.9854166671875 0.89375 0.978125 0.9166666671874999 0.784375 0.928125 0.7354166671875 0.9375 0.7552083328125 0.9645833328125001 0.9135416671875 0.9708333328125001 0.978125 0.9677083328125 1 0.9993371218749999 1 1 0.9927083328125 0.9916666671875 0.9885416671874999 0.9979166671874999 0.9760416671875 0.9916666671875 0.9697916671875 1 0.9678075406250001 1 0.4920833328125 0.99375 0.4614583328125 0.99375 0.446875 1 0.43705357187500005 1 0.246875
11 0.30516304375000003 1 0.35208333281250004 0.9614583328125 0.2958333328125 0.834375 0.28125 0.771875 0.2296721921875 0.753279728125 0.165166390625 0.6178606765625 0.1979480578125 0.6083390093750001 0.2973502765625 0.717309034375 0.3145833328125 0.634375 0.2958333328125 0.6052083328125 0.2916666671875 0.5739583328125 0.2979166671875 0.540625 0.28958333281250004 0.5239583328124999 0.28958333281250004 0.503125 0.30625 0.48645833281249995 0.2916666671875 0.46979166718750004 0.2854166671875 0.446875 0.2520833328125 0.4135416671875 0.2375 0.384375 0.21354166718749998 0.3583333328125 0.20729166718749997 0.35625 0.1989583328125 0.3645833328125 0.159375 0.3104166671875 0.1166666671875 0.3552083328125 0.0875 0.4135416671875 0.075 0.521875 0.08125 0.5822916671875 0.0770833328125 0.634375 0.08645833281250001 0.6541666671875 0.13229166718750002 0.6625 0.153125 0.6770833328125 0.18125 0.7197916671875 0.1916666671875 0.7510416671875 0.2125 0.7760416671875 0.2125 0.7989583328125 0.2375 0.8760416671875 0.25625 0.896875 0.25833333281250004 0.9322916671874999 0.2791666671875 0.9989583328125 0.2796401515625 1 0.30516304375000003 1