5 0.16171875 0.13671875 0.0234375 0.05546875
8 0.1984375 0.18046875 0.0484375 0.0390625
5 0.85546875 0.2609375 0.0296875 0.05390625
8 0.81328125 0.290625 0.0421875 0.0453125
3 0.7745307171875 0.24061433437500002 0.8577218437499999 0.22141638281249998 0.8651877140625001 0.22674914687499997 0.86732081875 0.2416808875 0.8758532421874999 0.237414675 0.8758532421874999 0.22674914687499997 0.8651877140625001 0.1926194546875 0.8385238906250001 0.15955631406249998 0.8107935156250001 0.15955631406249998 0.7905290109374999 0.1755546078125 0.7745307171875 0.24061433437500002
3 0.12073378906250001 0.06036689375 0.12073378906250001 0.0731655296875 0.1623293515625 0.0998293515625 0.21352389062500002 0.1467576796875 0.227389078125 0.1499573375 0.24658703124999998 0.14782423281249998 0.23592150156249997 0.045435153125 0.21139078437499997 0.0102389078125 0.1943259390625 0.003839590625 0.16872866875 0.005972696875 0.137798634375 0.0305034125 0.12073378906250001 0.06036689375
2 0.75 0.6811006828124999 0.7414675765625 0.7088310578125 0.748933446875 0.73549488125 0.76173208125 0.7397610921875 0.7745307171875 0.73122866875 0.7798634812499999 0.7408276453125 0.792662115625 0.7322952218750001 0.852389078125 0.612841296875 0.8513225249999999 0.6032423203125 0.82359215 0.5883105796875 0.8097269624999999 0.59577645 0.7755972703125 0.6427047781249999 0.75 0.6811006828124999
2 0.6945392484374999 0.48058873750000003 0.673208190625 0.5424488046875 0.677474403125 0.5851109218749999 0.6988054609375001 0.614974403125 0.7158703078124999 0.6064419796875 0.7265358359375 0.5787116046875 0.722269625 0.521117746875 0.7308020484375 0.48272184375 0.721203071875 0.4709897609375 0.70627133125 0.4709897609375 0.6945392484374999 0.48058873750000003
2 0.14846416406250001 0.4848549484375 0.1463310578125 0.45499146718750005 0.13673208125 0.44112627968749996 0.10260238906250001 0.4261945390625 0.0844709890625 0.45499146718750005 0.12073378906250001 0.49338737187500004 0.14846416406250001 0.4848549484375
2 0.3233788390625 0.41872866875000003 0.3415102390625 0.41766211562500005 0.351109215625 0.437926621875 0.3671075078125 0.4347269625 0.376706484375 0.41446245781249996 0.37244027343749997 0.401663821875 0.335110921875 0.3707337890625 0.31911262812499996 0.38459897656250003 0.316979521875 0.39739761093750003 0.3233788390625 0.41872866875000003
11 0.033543089062499996 1 0.037542662500000004 0.998933446875 0.03327645 0.969069965625 0.0396757671875 0.9029436859375 0.06740614375000001 0.7408276453125 0.07700511875 0.720563140625 0.0887372015625 0.7706911265625 0.11220136562500001 0.969069965625 0.123933446875 0.9765358359375 0.1772610921875 0.9616040953124999 0.1847269625 0.954138225 0.169795221875 0.92640785 0.1591296921875 0.853882253125 0.1612627984375 0.7088310578125 0.152730375 0.6341723546875 0.1591296921875 0.5723122859374999 0.152730375 0.49978668906249996 0.14526450468750002 0.49018771406250006 0.11753412968750002 0.494453925 0.10260238906250001 0.4837883953125 0.0450085328125 0.49232081875 0.037542662500000004 0.47632252499999994 0.0834044375 0.46245733749999995 0.0908703078125 0.437926621875 0.1004692828125 0.42832764531249995 0.142064846875 0.44219283281250005 0.17939419843749999 0.3216723546875 0.23058873750000003 0.34726962499999997 0.25618600625 0.375 0.3073805453125 0.402730375 0.316979521875 0.401663821875 0.31911262812499996 0.38673208125 0.33404436875 0.371800340625 0.187926621875 0.19368600625000001 0.16872866875 0.183020478125 0.14739761093749998 0.1894197953125 0.1356655296875 0.1862201359375 0.1186006828125 0.1435580203125 0.11966723593749999 0.12116040937500001 0.0428754265625 0.163822525 0.0247440265625 0.18195392500000002 0.0034129687499999998 0.2203498296875 0 0.23557692343749997 0 0.40970867968749997 0.0098122859375 0.4251279859375 0.0098122859375 0.4400597265625 0 0.48813993125 0 0.9576934015624999 0.011945392187499999 0.9605375421875 0.005546075 0.9669368593750001 0.011945392187499999 0.9797354953124999 0.0034129687499999998 0.9840017062499999 0.004867359375 1 0.033543089062499996 1
11 0.7371044062500001 1 0.7414675765625 0.9904010234375 0.762798634375 0.9221416375 0.764931740625 0.8858788390625 0.7841296921875001 0.86454778125 0.8097269624999999 0.7856228671875 0.8097269624999999 0.762158703125 0.8310580203125 0.7365614328125 0.84172355 0.704564846875 0.870520478125 0.6608361781250001 0.8918515359375 0.6459044375 0.9387798640625 0.6373720140625 0.9483788390625 0.6171075078125 0.944112628125 0.5637798640625 0.9505119453124999 0.5019197953125001 0.9377133109375 0.39099829375 0.9078498296875 0.33127133125 0.8641211609375 0.28540955625 0.82359215 0.3408703078125 0.8150597265625 0.332337884375 0.8086604093749999 0.3344709890625 0.7841296921875001 0.3611348125 0.7691979515625 0.39099829375 0.735068259375 0.4251279859375 0.7286689421875 0.44859214999999997 0.7137372015625 0.46565699687500006 0.7308020484375 0.48272184375 0.7308020484375 0.5040529015625 0.722269625 0.521117746875 0.7286689421875 0.555247440625 0.7244027296875 0.5872440265625001 0.7052047781249999 0.6171075078125 0.7228495453125 0.702022903125 0.8246265609375 0.5904494984374999 0.8581914093749999 0.6001986453125 0.7921445140625 0.7388529640625 0.7393344703125 0.7578924921875 0.7244027296875 0.8218856656250001 0.6668088734375 0.95200511875 0.7252374234375 1 0.7371044062500001 1