5 0.7921875 0.15546875 0.02109375 0.05078125
8 0.759375 0.19453125 0.04453125 0.0359375
5 0.15703125 0.26875 0.02734375 0.04921875
8 0.19609375 0.2953125 0.03828125 0.04140625
3 0.216796875 0.1904296875 0.1982421875 0.17578125 0.1728515625 0.17578125 0.1484375 0.2060546875 0.138671875 0.2373046875 0.138671875 0.2470703125 0.146484375 0.2509765625 0.1484375 0.2373046875 0.1552734375 0.232421875 0.2314453125 0.25 0.216796875 0.1904296875
3 0.830078125 0.0849609375 0.814453125 0.0576171875 0.7861328125 0.03515625 0.7626953125 0.033203125 0.7470703125 0.0390625 0.724609375 0.0712890625 0.71484375 0.1650390625 0.732421875 0.1669921875 0.7451171875 0.1640625 0.7919921875 0.12109375 0.830078125 0.0966796875 0.830078125 0.0849609375
2 0.26171875 0.6787109375 0.25390625 0.6533203125 0.23046875 0.6181640625 0.19921875 0.5751953125 0.1865234375 0.568359375 0.1611328125 0.58203125 0.16015625 0.5908203125 0.21484375 0.7001953125 0.2265625 0.7080078125 0.2314453125 0.69921875 0.2431640625 0.70703125 0.2548828125 0.703125 0.26171875 0.6787109375
2 0.2939453125 0.4609375 0.2802734375 0.4609375 0.271484375 0.4716796875 0.279296875 0.5068359375 0.275390625 0.5595703125 0.28515625 0.5849609375 0.30078125 0.5927734375 0.3203125 0.5654296875 0.32421875 0.5263671875 0.3046875 0.4697265625 0.2939453125 0.4609375
2 0.806640625 0.4462890625 0.8046875 0.4736328125 0.830078125 0.4814453125 0.86328125 0.4462890625 0.8466796875 0.419921875 0.8154296875 0.43359375 0.806640625 0.4462890625
2 0.6484375 0.3818359375 0.6337890625 0.369140625 0.599609375 0.3974609375 0.595703125 0.4091796875 0.6044921875 0.427734375 0.619140625 0.4306640625 0.6279296875 0.412109375 0.64453125 0.4130859375 0.650390625 0.3935546875 0.6484375 0.3818359375
11 0.9296875 0.9091796875 0.9501953125 0.904296875 0.9453125 0.8935546875 0.966796875 0.8876953125 0.951171875 0.5283203125 0.931640625 0.4326171875 0.931640625 0.4189453125 0.958984375 0.3759765625 0.962890625 0.3447265625 0.9375 0.2314453125 0.91796875 0.1962890625 0.9013671875 0.1796875 0.8310546875 0.140625 0.83203125 0.1611328125 0.81640625 0.2001953125 0.8056640625 0.203125 0.7861328125 0.197265625 0.7685546875 0.20703125 0.634765625 0.3701171875 0.6484375 0.3837890625 0.650390625 0.3974609375 0.6591796875 0.3984375 0.7060546875 0.373046875 0.7294921875 0.34765625 0.7763671875 0.32421875 0.810546875 0.4345703125 0.8486328125 0.421875 0.857421875 0.4306640625 0.8642578125 0.453125 0.90625 0.4658203125 0.8994140625 0.48046875 0.8466796875 0.47265625 0.8330078125 0.482421875 0.8076171875 0.478515625 0.80078125 0.4873046875 0.794921875 0.5537109375 0.80078125 0.6103515625 0.79296875 0.6787109375 0.794921875 0.8115234375 0.78515625 0.8779296875 0.771484375 0.9033203125 0.7783203125 0.91015625 0.8271484375 0.923828125 0.837890625 0.9169921875 0.859375 0.7353515625 0.8701171875 0.689453125 0.87890625 0.7080078125 0.904296875 0.8564453125 0.91015625 0.9169921875 0.90625 0.9443359375 0.935546875 0.9521484375 0.9375 0.9306640625 0.9296875 0.9267578125 0.935546875 0.9150390625 0.9296875 0.9091796875
11 0.21531767968749999 0.7061997453125 0.154843490625 0.579244384375 0.1855763046875 0.570317821875 0.278765884375 0.6724772203125 0.294921875 0.5947265625 0.27734375 0.5673828125 0.2734375 0.5380859375 0.279296875 0.5068359375 0.271484375 0.4912109375 0.271484375 0.4716796875 0.287109375 0.4560546875 0.2734375 0.4404296875 0.267578125 0.4189453125 0.236328125 0.3876953125 0.22265625 0.3603515625 0.2001953125 0.3359375 0.1943359375 0.333984375 0.1865234375 0.341796875 0.1494140625 0.291015625 0.109375 0.3330078125 0.08203125 0.3876953125 0.0703125 0.4892578125 0.076171875 0.5458984375 0.072265625 0.5947265625 0.0810546875 0.61328125 0.1240234375 0.62109375 0.1435546875 0.634765625 0.169921875 0.6748046875 0.1796875 0.7041015625 0.19921875 0.7275390625 0.19921875 0.7490234375 0.22265625 0.8212890625 0.240234375 0.8408203125 0.2421875 0.8740234375 0.26171875 0.9365234375 0.2666015625 0.947265625 0.275390625 0.9462890625 0.330078125 0.9013671875 0.27734375 0.7822265625 0.263671875 0.7236328125 0.21531767968749999 0.7061997453125