3 0.1788045375 0.3448099015625 0.1950285796875 0.3531438046875 0.20009859218749998 0.3517548203125 0.20821061406250002 0.34897685312500004 0.20618260781250003 0.298973434375 0.19097256875 0.2781386765625 0.18488855312500002 0.275360709375 0.16258049531250002 0.2836946109375 0.15345447343750002 0.296195465625 0.155482478125 0.3100853046875 0.1788045375 0.3448099015625
3 0.6138116515625 0.398980271875 0.604685628125 0.389257384375 0.59657360625 0.389257384375 0.5833915734375 0.40731417499999995 0.5935315984375 0.42120401406249997 0.5986016125 0.43648283593750004 0.609755640625 0.44064978750000006 0.61583965625 0.432315884375 0.6138116515625 0.398980271875
3 0.7456319890625001 0.25452595 0.7456319890625001 0.2767496921875 0.753744009375 0.298973434375 0.7567860171875 0.303140384375 0.7618560296875 0.3017514015625 0.7861920921875 0.2711937578125 0.792276109375 0.25452595 0.7912621046874999 0.2448030640625 0.773010059375 0.2336911921875 0.7628700328125 0.2336911921875 0.7496879984375 0.2434140796875 0.7456319890625001 0.25452595
13 0.11086636406249999 0.7712279468750001 0.11086636406249999 0.77956185 0.1220203921875 0.7920627046875001 0.14737045625 0.7906737203125 0.1493984625 0.77956185 0.138244434375 0.7615050609375 0.1199923875 0.7615050609375 0.11086636406249999 0.7712279468750001
13 0.0905863109375 0.7573381078125 0.08348829375 0.7531711578125 0.06726425312499999 0.7615050609375 0.0449561953125 0.7587270921875 0.023662140625 0.7823398187499999 0.026704148437500002 0.7948406734375 0.033802165625000005 0.7934516890625 0.040900184374999995 0.7892847374999999 0.06118023593750001 0.7892847374999999 0.06929225781250001 0.7781728671875 0.0855162984375 0.77261693125 0.0905863109375 0.7656720124999999 0.0905863109375 0.7573381078125
13 0.5519574921875 0.6920558671875 0.545873478125 0.6920558671875 0.512411390625 0.6767770453125 0.512411390625 0.685110946875 0.5296494359375 0.7031677375000001 0.5397894609375 0.7087236734375 0.5529714953125 0.7073346890625001 0.558041509375 0.694833834375 0.5762935546875 0.6920558671875 0.5793355625000001 0.6795550125 0.5762935546875 0.6753880609375 0.5641255234375 0.6753880609375 0.5519574921875 0.6920558671875
13 0.9017883875000001 0.8240093343750001 0.9088864062500001 0.8337322203124999 0.92815245625 0.8323432374999999 0.9322084671875001 0.8240093343750001 0.9322084671875001 0.8045635609374999 0.9220684406249999 0.77956185 0.9190264328125 0.7753949 0.9109144125 0.780950834375 0.8946903703125001 0.7781728671875 0.8957043734375001 0.8045635609374999 0.9017883875000001 0.8240093343750001
13 0.82573819375 0.797618640625 0.821682184375 0.8087305125 0.8074861468750001 0.8170644140625001 0.8044441390625 0.8240093343750001 0.8074861468750001 0.8365101875000001 0.821682184375 0.842066125 0.838920228125 0.840677140625 0.8480462515625 0.830954253125 0.8561582718749999 0.830954253125 0.8652842953125001 0.8240093343750001 0.86021428125 0.8059525437499999 0.8480462515625 0.8059525437499999 0.82573819375 0.797618640625
2 0.0865303015625 0.4656514984375 0.0794322828125 0.4559286109375 0.06118023593750001 0.4559286109375 0.05408221875 0.4628735296875 0.05408221875 0.47120743281250005 0.0703062609375 0.4989871109375 0.0743622703125 0.4989871109375 0.08450229687500001 0.4795413359375 0.0865303015625 0.4656514984375
2 0.148384459375 0.55315748125 0.13723043125 0.57677020625 0.13723043125 0.5823261421875 0.14432845 0.5892710609375 0.155482478125 0.587882078125 0.1585244859375 0.5837151265625 0.1646085015625 0.5864930937499999 0.1706925171875 0.5726032546875001 0.179818540625 0.571214271875 0.1686645125 0.55315748125 0.1585244859375 0.5476015453125 0.148384459375 0.55315748125
2 0.843990240625 0.305918353125 0.8480462515625 0.29758445 0.8521022609375001 0.29758445 0.8561582718749999 0.303140384375 0.8815083375 0.3073073375 0.8875923515625 0.298973434375 0.8875923515625 0.2934174984375 0.8622422875 0.26980477187499996 0.8500742562499999 0.26980477187499996 0.8399342296875 0.2781386765625 0.8328362125 0.296195465625 0.843990240625 0.305918353125