3 0.1886409734375 0.357400721875 0.2464503046875 0.351985559375 0.25152129843750004 0.346570396875 0.23427991874999998 0.2942238265625 0.2119675453125 0.2833935015625 0.1997971609375 0.29061371875 0.190669371875 0.30685920625 0.1886409734375 0.357400721875
3 0.40872210937500003 0.3483754515625 0.44827586249999996 0.3537906140625 0.460446246875 0.3537906140625 0.4543610546875 0.30685920625 0.43914807343750006 0.287003609375 0.42494929062500003 0.287003609375 0.41683570000000003 0.2942238265625 0.4056795125 0.3429602890625 0.40872210937500003 0.3483754515625
3 0.55679513125 0.3375451265625 0.6085192703125 0.3610108296875 0.6146044625 0.3537906140625 0.616632859375 0.314079421875 0.6146044625 0.29602888125 0.59939148125 0.2761732859375 0.5770791078124999 0.2761732859375 0.5517241375 0.324909746875 0.55679513125 0.3375451265625
3 0.76572008125 0.3375451265625 0.7281947265625 0.38267147968750004 0.7413793109375 0.406137184375 0.78701825625 0.45126353750000003 0.7981744421875 0.45306859218750006 0.8032454359375001 0.444043321875 0.8093306281249999 0.4079422375 0.8093306281249999 0.3718411546875 0.7981744421875 0.3483754515625 0.783975659375 0.3375451265625 0.76572008125 0.3375451265625
3 1 0.26173285156250004 0.9908722109375001 0.26173285156250004 0.966531440625 0.27978339375 0.9553752531249999 0.2996389890625 0.945233265625 0.3429602890625 0.935091278125 0.3537906140625 0.9381338749999999 0.35920577656249997 0.9705882359375 0.35920577656249997 1 0.36967509062500004 1 0.26173285156250004
3 0.7971602437499999 0.3429602890625 0.8083164296875 0.362815884375 0.845841784375 0.3718411546875 0.8559837734375 0.3718411546875 0.8559837734375 0.335740071875 0.851926978125 0.314079421875 0.8407707906249999 0.297833934375 0.82860040625 0.2942238265625 0.8144016234375 0.30144404375 0.7971602437499999 0.3429602890625
3 0.6146044625 0.29602888125 0.6176470593750001 0.319494584375 0.6551724140624999 0.32851985625 0.6632860046875 0.32851985625 0.6632860046875 0.29602888125 0.6561866125 0.2725631765625 0.6480730218749999 0.2653429609375 0.6318458421875001 0.2653429609375 0.6206896546875 0.2779783390625 0.6146044625 0.29602888125
9 0.6396213656249999 1 0.6369168359375 0.97833935 0.6389452328125 0.9169675093749999 0.6348884375 0.8808664265624999 0.6348884375 0.808664259375 0.6247464500000001 0.7833935015625 0.6206896546875 0.7545126359375 0.6257606484375 0.7129963906250001 0.646044625 0.7166064984375 0.65111561875 0.707581228125 0.6551724140624999 0.5956678703125 0.65111561875 0.555956678125 0.65111561875 0.48736462031250005 0.6450304265625 0.45126353750000003 0.6115618656249999 0.406137184375 0.586206896875 0.4404332125 0.5831643 0.4566787 0.57809330625 0.45126353750000003 0.5709939140625 0.4205776171875 0.55679513125 0.427797834375 0.549695740625 0.4404332125 0.54158215 0.48014440468749997 0.54158215 0.534296028125 0.5334685593749999 0.620938628125 0.5334685593749999 0.6787003609375 0.54158215 0.685920578125 0.5476673421875 0.8772563171875 0.5557809328125 0.924187725 0.5538447359374999 1 0.5911856906249999 1 0.58823529375 0.9711191328125001 0.5841784984375 0.967509025 0.5872210953125 0.8104693140625001 0.59837728125 0.8447653421875 0.6024340765625 0.8808664265624999 0.6085192703125 0.884476534375 0.6085192703125 0.9169675093749999 0.612576065625 0.9205776171875 0.6085192703125 0.9314079421875 0.6069776874999999 1 0.6396213656249999 1
9 0.2880324546875 1 0.294117646875 0.989169675 0.29208924999999997 0.9566787 0.28600405625 0.945848375 0.28600405625 0.68231046875 0.289046653125 0.6732851984375 0.29716024375 0.6768953062499999 0.30223123749999997 0.6678700359375 0.30223123749999997 0.642599278125 0.28397565937499997 0.5270758125 0.2636916828125 0.4404332125 0.2505071 0.427797834375 0.23427991874999998 0.427797834375 0.2281947265625 0.449458484375 0.2180527390625 0.45306859218750006 0.1916835703125 0.41696750937499993 0.1501014203125 0.46931407968750005 0.148073021875 0.5595667875 0.154158215625 0.631768953125 0.17241379375000002 0.7364620937499999 0.1835699796875 0.7382671484375 0.200811359375 0.7292418765625001 0.20283975625 0.7653429609375 0.1937119671875 0.7671480140625 0.190669371875 0.7761732859375 0.1967545640625 0.8447653421875 0.194726165625 0.927797834375 0.1987829609375 0.989169675 0.197044334375 1 0.23153782500000003 1 0.2393509125 0.9061371843750001 0.2393509125 0.8555956671875 0.24442190625000002 0.824909746875 0.25152129843750004 0.851985559375 0.2616632859375 1 0.2880324546875 1
9 0.4705882359375 0.620938628125 0.4624746453125 0.5595667875 0.4675456390625 0.550541515625 0.4878296140625 0.5830324906250001 0.48478701874999997 0.545126353125 0.4929006078125 0.5379061375 0.4929006078125 0.5270758125 0.48073022343750005 0.5018050546875 0.47667342812499996 0.454873646875 0.465517240625 0.41696750937499993 0.4492900609375 0.406137184375 0.4290060859375 0.4314079421875 0.419878296875 0.422382671875 0.40669371249999997 0.3880866421875 0.3945233265625 0.3916967515625 0.367139959375 0.422382671875 0.35902636875 0.4945848375 0.3610547671875 0.534296028125 0.37525355 0.5487364625 0.3711967546875 0.6570397109375 0.3793103453125 0.675090253125 0.3914807296875 0.884476534375 0.40365111562499995 0.9530685921875 0.4269776875 0.9548736468750001 0.4340770796875 0.9314079421875 0.4259634890625 0.8989169671875 0.4259634890625 0.7364620937499999 0.4310344828125 0.7238267140625 0.44016227187499996 0.7761732859375 0.44219066875 0.8447653421875 0.45233265781250004 0.8989169671875 0.45233265781250004 0.9494584843749999 0.460446246875 0.967509025 0.47667342812499996 0.9530685921875 0.47667342812499996 0.9386281593750001 0.48275862031249994 0.924187725 0.4726166328125 0.797833934375 0.466531440625 0.7725631765625 0.4726166328125 0.68231046875 0.4705882359375 0.620938628125
9 0.8128413171875 1 0.8113590265624999 0.9314079421875 0.8154158218750001 0.8989169671875 0.8154158218750001 0.797833934375 0.835699796875 0.664259928125 0.835699796875 0.5703971125 0.8194726171875001 0.5162454875 0.8012170390625 0.4837545125 0.7981744421875 0.4638989171875 0.7515212984375 0.5288808671874999 0.7484787015625 0.5054151625000001 0.74442190625 0.5054151625000001 0.7383367140625 0.5234657046875 0.72413793125 0.6245487359374999 0.7221095328125 0.664259928125 0.71399594375 0.7111913359375001 0.7119675453125 0.7653429609375 0.7180527390625 0.7725631765625 0.7180527390625 0.8736462093749999 0.72572775625 1 0.8128413171875 1
9 1 0.5061751859375 0.9929006078124999 0.5108303249999999 0.9787018249999999 0.532490975 0.9776876265625001 0.48014440468749997 0.9726166328125 0.47472924218749996 0.9513184578124999 0.5018050546875 0.9269776875 0.588447653125 0.924949290625 0.6678700359375 0.9026369171875 0.851985559375 0.8965517234375 0.8772563171875 0.9107505078125 0.945848375 0.908722109375 0.9566787 0.9127789046875 1 1 1 1 0.5061751859375
6 0.5314401625 0.7184115531249999 0.5354969578125 0.71480144375 0.534482759375 0.69855595625 0.538539553125 0.7129963906250001 0.54158215 0.70397111875 0.53651115625 0.6841155234375 0.5314401625 0.6895306859375 0.5314401625 0.7184115531249999
6 0.6450304265625 0.75812274375 0.646044625 0.72021660625 0.6247464500000001 0.71480144375 0.6247464500000001 0.77978339375 0.6359026375 0.7779783390625 0.6450304265625 0.75812274375
6 0.789046653125 0.8483754515624999 0.7636916828125 0.824909746875 0.7606490875 0.8736462093749999 0.7647058828125 0.8808664265624999 0.7819472609375 0.8754512640625001 0.789046653125 0.8483754515624999
6 0.4056795125 0.4945848375 0.3995943203125 0.5054151625000001 0.3995943203125 0.5270758125 0.40466531406249995 0.5288808671874999 0.418864096875 0.5144404328125 0.4340770796875 0.4837545125 0.4340770796875 0.4729241875 0.4127789046875 0.4566787 0.40770791093750003 0.46931407968750005 0.4056795125 0.4945848375
6 0.30223123749999997 0.696750903125 0.3012170390625 0.669675090625 0.28600405625 0.675090253125 0.2900608515625 0.7111913359375001 0.2951318453125 0.7129963906250001 0.30223123749999997 0.696750903125
6 0.20283975625 0.7653429609375 0.20283975625 0.7292418765625001 0.1997971609375 0.7238267140625 0.1764705875 0.7400722015625 0.1805273828125 0.75812274375 0.190669371875 0.7689530687499999 0.20283975625 0.7653429609375
5 0.407842409375 0.36063554531249997 0.4098766578125 0.37200914687500003 0.41452640937499996 0.3818317875 0.4215009921875 0.3771789625 0.41588832656249997 0.35348782500000003 0.4113297 0.35288081875 0.407842409375 0.36063554531249997
5 0.2055789859375 0.3901035046875 0.211681734375 0.3854506625 0.2084321609375 0.3625406765625 0.2000574 0.3621864859375 0.1997668171875 0.3776959375 0.2055789859375 0.3901035046875
4 0.22592157031250001 0.42112240625 0.23115253125000002 0.4247412625 0.241323825 0.42525825624999997 0.241323825 0.41750353125000006 0.241323825 0.40457898906249995 0.24161440625 0.39165444531250004 0.2436486546875 0.3890695375 0.2451016984375 0.379763871875 0.24331095625 0.3722401609375 0.230571278125 0.3756280015625 0.21865636249999998 0.37252611875 0.216040859375 0.3802808453125 0.21487844374999998 0.387001603125 0.216040859375 0.399409171875 0.220109403125 0.4092318125 0.22592157031250001 0.42112240625
4 0.4514336640625 0.3932053875 0.45172426874999994 0.38079781874999996 0.45346791406250003 0.3699412109375 0.4470745390625 0.36528836875000004 0.437484453125 0.370975178125 0.42731316093749994 0.37304309375 0.42586011875 0.38389972031249997 0.43109107812499997 0.403028046875 0.437484453125 0.410782771875 0.44736514375 0.4061299296875 0.4514336640625 0.3932053875
8 0.7606268859374999 0.44429582187500005 0.736797009375 0.443778846875 0.733019090625 0.4504996046875 0.7362157781249999 0.4608392375 0.7362157781249999 0.47014490625 0.7394124671875 0.4820354796875 0.7458058640624999 0.48927323125 0.7591738453125 0.46962793124999996 0.7606268859374999 0.44429582187500005
8 0.5702783796875 0.40965804375000003 0.5781248421875 0.4003523765625 0.5813215078125 0.379156146875 0.577834215625 0.3651976265625 0.5688253375000001 0.3651976265625 0.55758343125 0.3625406765625 0.5557479609375 0.3708844171875 0.5583634640625 0.3776051859375 0.5598165046875 0.38639386875000004 0.5614135953125 0.395609171875 0.5624681890625001 0.40109309687500005 0.564171753125 0.4080201609375 0.5702783796875 0.40965804375000003
5 0.9953125 0.39609375 0.009375 0.0484375
8 0.96640625 0.4296875 0.040625 0.075
9 0.846875 0.70546875 0.09296875 0.57265625
9 0.65703125 0.63125 0.09296875 0.5265625
5 0.83828125 0.39140625 0.0140625 0.034375
5 0.65078125 0.34375 0.0125 0.03203125
5 0.5953125 0.3734375 0.0125 0.028125
14 0.58203125 0.3921875 0.02109375 0.08046875
14 0.64140625 0.353125 0.01484375 0.05078125
14 0.83203125 0.3984375 0.01953125 0.06015625
14 0.7640625 0.47265625 0.02265625 0.07109375
14 0.425 0.38984375 0.015625 0.0703125
14 0.21015625 0.39453125 0.015625 0.07734375