3 0.85078125 0.32109375 0.1375 0.16796875
3 0.4015625 0.43671875 0.1359375 0.17421875
3 0.61171875 0.0796875 0.13046875 0.15234375
3 0.153125 0.0828125 0.11484375 0.15
8 0.15859375 0.24375 0.078125 0.07109375
8 0.40078125 0.62890625 0.0734375 0.0765625
8 0.61484375 0.24375 0.078125 0.0796875
8 0.840625 0.51484375 0.0765625 0.0921875
12 0.80390625 0.6203125 0.3921875 0.759375
12 0.62109375 0.5015625 0.3546875 0.996875
12 0.378125 0.6765625 0.30234375 0.64609375
12 0.1546875 0.5046875 0.271875 0.990625