3 0.30360243124999997 0 0.2877604171875 0.0158420140625 0.27690972187499996 0.07009548593750001 0.28016493124999997 0.07552083281250001 0.2845052078125 0.066840278125 0.2975260421875 0.066840278125 0.3463541671875 0.091796875 0.3463541671875 0.0201822921875 0.3346696828125 0 0.30360243124999997 0
3 0.6848958328125 0.087456596875 0.7098524312500001 0.06901041718749999 0.7467447921875 0.06901041718749999 0.754340278125 0.07443576406249999 0.745659721875 0.033203125 0.7272135421875 0.008246528125 0.7098524312500001 0.0060763890625 0.687065971875 0.0266927078125 0.6783854171875 0.07009548593750001 0.6848958328125 0.087456596875
2 0.4114583328125 0.204644096875 0.4309895828125 0.12868923593749998 0.4450954859375 0.1037326390625 0.4201388890625 0.115668403125 0.40277777812500004 0.15473090312499999 0.3962673609375 0.1959635421875 0.4114583328125 0.204644096875
2 0.18359375 0.5149739578125 0.20529513906250002 0.5041232640625 0.18250868125 0.47265625 0.14887152812499999 0.48676215312500004 0.14670138906250002 0.5540364578125 0.1510416671875 0.5692274312500001 0.15972222187500001 0.5735677078125 0.17925347187500001 0.5540364578125 0.18359375 0.5149739578125
2 0.9735243062500001 0.3825954859375 0.9626736109375 0.3326822921875 0.9333767359375 0.3142361109375 0.921440971875 0.3240017359375 0.9171006937499999 0.35438368124999997 0.9637586812500001 0.36631944375000003 0.9735243062500001 0.3825954859375
2 0.5329861109375 0.0462239578125 0.5243055562500001 0.05924479218749999 0.519965278125 0.08962673593750001 0.5633680562500001 0.12000868125 0.578559028125 0.09830729218749999 0.569878471875 0.07009548593750001 0.525390625 0.0212673609375 0.5329861109375 0.0462239578125
11 0.3273161296875 1 0.32465277812500004 0.9967447921874999 0.34852430624999997 0.794921875 0.34852430624999997 0.697265625 0.34418402812500004 0.6560329859375 0.3072916671875 0.5041232640625 0.3268229171875 0.3674045140625 0.3376736109375 0.35438368124999997 0.34418402812500004 0.3196614578125 0.349609375 0.3142361109375 0.3756510421875 0.3185763890625 0.4006076390625 0.2936197921875 0.40928819375 0.26323784687499996 0.40928819375 0.20681423593749998 0.39301215312500004 0.19704861093749998 0.3810763890625 0.232855903125 0.3669704859375 0.233940971875 0.32465277812500004 0.18077256875 0.3224826390625 0.16558159687500001 0.2931857640625 0.15581597187500001 0.27582465312500004 0.1276041671875 0.2584635421875 0.14279513906250002 0.22591145781250002 0.15581597187500001 0.19444444375 0.20681423593749998 0.1770833328125 0.287109375 0.18142361093749998 0.3196614578125 0.16189236093749998 0.37391493124999997 0.15972222187500001 0.4303385421875 0.1510416671875 0.4650607640625 0.15646701406250002 0.48133680625 0.17599826406250002 0.4748263890625 0.20095486093749998 0.49110243125 0.22265625 0.5475260421875 0.22265625 0.5865885421875 0.21397569375 0.6169704859375 0.18576388906250002 0.6560329859375 0.18359375 0.6907552078125 0.17274305625 0.7102864578125 0.15321180625 0.9728732640625 0.161688909375 1 0.20362580156250001 1 0.21614583281250002 0.9728732640625 0.22265625 0.8838975687499999 0.237847221875 0.8122829859375 0.23350694375 0.760199653125 0.251953125 0.6940104171875 0.27039930624999997 0.7254774312500001 0.28125 0.771050346875 0.27256944375000003 0.829644096875 0.2747395828125 0.927300346875 0.26605902812500004 0.9490017359375 0.27256944375000003 0.990234375 0.27012803750000003 1 0.3273161296875 1
11 0.8249336203125001 1 0.823784721875 0.990234375 0.8346354171874999 0.9772135421874999 0.8411458328125001 0.9012586812500001 0.823784721875 0.7970920140625 0.8216145828125001 0.6603732640625 0.812934028125 0.6169704859375 0.812934028125 0.599609375 0.823784721875 0.5822482640625 0.823784721875 0.5518663187499999 0.804253471875 0.4694010421875 0.8020833328125001 0.3326822921875 0.8096788187499999 0.3229166671875 0.8487413187499999 0.36414930624999997 0.8747829859375 0.37065972187499996 0.9073350687499999 0.3619791671875 0.921440971875 0.345703125 0.9344618062500001 0.3131510421875 0.9073350687499999 0.30555555624999997 0.876953125 0.28168402812500004 0.8270399312500001 0.21006944375 0.7619357640625 0.17751736093749998 0.7532552078125 0.14279513906250002 0.745659721875 0.14605034687500001 0.7337239578125 0.18402777812499999 0.7076822921875 0.16449652812499999 0.696831596875 0.18185763906250002 0.6751302078125 0.1861979171875 0.6404079859375 0.17534722187500001 0.6024305562500001 0.13519965312499999 0.5915798609375 0.111328125 0.579644096875 0.105902778125 0.5677083328125 0.13519965312499999 0.5763888890625 0.1438802078125 0.5872395828125 0.18511284687500001 0.617621528125 0.23068576406250002 0.6197916671875 0.243706596875 0.656684028125 0.2892795140625 0.6588541671875 0.37391493124999997 0.6458333328125 0.4889322921875 0.6610243062500001 0.506293403125 0.65234375 0.5692274312500001 0.667534721875 0.595269096875 0.676215278125 0.6799045140625 0.6827256937499999 0.9403211812500001 0.69140625 0.9815538187499999 0.7109375 0.9880642359375 0.6979166671875 0.9924045140625 0.6973741312499999 1 0.7416552984375 1 0.7413194437499999 0.985894096875 0.754340278125 0.9728732640625 0.7565104171875 0.912109375 0.7413194437499999 0.7450086812500001 0.7434895828125 0.7254774312500001 0.7532552078125 0.7178819437499999 0.7717013890625 0.8665364578125001 0.7717013890625 0.9381510421874999 0.7825520828125 0.9815538187499999 0.7999131937499999 0.990234375 0.7912326390625 0.994574653125 0.7915340468750001 1 0.8249336203125001 1
5 0.74609375 0.096875 0.03359375 0.04609375
8 0.69921875 0.12734375 0.0640625 0.05703125
8 0.3078125 0.12890625 0.04921875 0.0609375