7 0.08359375 0.12890625 0.08046875 0.0890625
3 0.2671875 0.11640625 0.0953125 0.1046875
3 0.56328125 0.0375 0.09453125 0.075
3 0.86640625 0.05 0.103125 0.1
8 0.86328125 0.175 0.05546875 0.05703125
8 0.56328125 0.15703125 0.05859375 0.06484375
8 0.2859375 0.2609375 0.06015625 0.0625
8 0.0828125 0.259375 0.0515625 0.059375
12 0.83046875 0.5 0.32890625 1
12 0.5484375 0.5 0.3203125 1
12 0.28984375 0.5234375 0.2484375 0.953125
12 0.0859375 0.5390625 0.17109375 0.921875
2 0.26328125 0.64453125 0.078125 0.14375
2 0.3125 0.64296875 0.05546875 0.153125