12 0.1640625 0.57265625 0.31015625 0.8546875
12 0.384375 0.6125 0.159375 0.621875
12 0.471875 0.328125 0.034375 0.09453125
12 0.378125 0.33671875 0.01484375 0.059375
7 0.47109375 0.28828125 0.025 0.02734375
7 0.3765625 0.325 0.01640625 0.01953125
7 0.0859375 0.1796875 0.1390625 0.0953125
7 0.41953125 0.34140625 0.090625 0.08359375
7 0.4875 0.41953125 0.10703125 0.09453125
7 0.6390625 0.29609375 0.03125 0.03359375
7 0.64453125 0.40703125 0.09609375 0.084375
7 0.71953125 0.26953125 0.02890625 0.0265625
7 0.828125 0.17578125 0.15546875 0.15546875
7 0.92890625 0.36640625 0.03046875 0.0375
7 0.9015625 0.346875 0.03203125 0.059375
7 0.95546875 0.353125 0.0359375 0.0296875
4 0.95234375 0.3921875 0.01640625 0.021875
4 0.72265625 0.31875 0.02578125 0.03828125
4 0.7765625 0.3640625 0.09921875 0.16640625
4 0.63515625 0.3390625 0.021875 0.025
4 0.653125 0.5 0.059375 0.08359375
4 0.40546875 0.440625 0.06015625 0.090625
4 0.07421875 0.3765625 0.1171875 0.1375
4 0.4578125 0.54140625 0.0796875 0.1140625