12 0.1703125 0.5734375 0.30390625 0.85234375
12 0.3859375 0.6046875 0.15625 0.6078125
12 0.471875 0.3265625 0.03359375 0.09296875
12 0.3796875 0.33515625 0.01484375 0.0578125
7 0.47109375 0.2875 0.025 0.0265625
7 0.378125 0.32265625 0.01640625 0.01875
7 0.09453125 0.18125 0.1359375 0.09296875
7 0.4203125 0.33984375 0.08828125 0.08203125
7 0.48671875 0.415625 0.1046875 0.0921875
7 0.63515625 0.29453125 0.03125 0.0328125
7 0.640625 0.403125 0.09375 0.0828125
7 0.7140625 0.26875 0.02890625 0.0265625
7 0.8203125 0.17734375 0.15234375 0.15234375
7 0.91875 0.36328125 0.0296875 0.03671875
7 0.8921875 0.34453125 0.03125 0.0578125
7 0.9453125 0.35078125 0.03515625 0.02890625
4 0.94140625 0.3890625 0.015625 0.02109375
4 0.7171875 0.3171875 0.025 0.0375
4 0.76953125 0.36171875 0.096875 0.1625
4 0.63125 0.3375 0.02109375 0.025
4 0.6484375 0.49375 0.0578125 0.08203125
4 0.40703125 0.4359375 0.059375 0.0890625
4 0.0828125 0.3734375 0.11484375 0.134375
4 0.4578125 0.53515625 0.07734375 0.11171875