12 0.17421875 0.5765625 0.29375 0.846875
12 0.3828125 0.5953125 0.15078125 0.58828125
12 0.465625 0.32578125 0.0328125 0.08984375
12 0.3765625 0.334375 0.0140625 0.05625
7 0.46484375 0.28828125 0.02421875 0.02578125
7 0.375 0.32265625 0.015625 0.01796875
7 0.1 0.1859375 0.13203125 0.090625
7 0.415625 0.3390625 0.0859375 0.0796875
7 0.48046875 0.4125 0.1015625 0.0890625
7 0.62421875 0.2953125 0.0296875 0.03203125
7 0.6296875 0.4 0.09140625 0.0796875
7 0.70078125 0.2703125 0.02734375 0.02578125
7 0.803125 0.18203125 0.14765625 0.146875
7 0.89921875 0.36171875 0.02890625 0.03515625
7 0.8734375 0.34375 0.03046875 0.05625
7 0.925 0.34921875 0.03359375 0.028125
4 0.92109375 0.38671875 0.015625 0.0203125
4 0.70390625 0.3171875 0.02421875 0.0359375
4 0.7546875 0.36015625 0.09375 0.15703125
4 0.6203125 0.33671875 0.0203125 0.02421875
4 0.6375 0.48828125 0.05625 0.0796875
4 0.403125 0.43203125 0.05703125 0.0859375
4 0.08828125 0.371875 0.1109375 0.13046875
4 0.45234375 0.528125 0.075 0.10859375