4 0.81953125 0.090625 0.0296875 0.05546875
4 0.62421875 0.05078125 0.03671875 0.046875
4 0.25859375 0.1359375 0.02109375 0.0484375
4 0.41328125 0.13515625 0.03359375 0.04765625
7 0.878125 0.040625 0.009375 0.01484375
7 0.8296875 0.04140625 0.04453125 0.03515625
7 0.62265625 0.00703125 0.05 0.0140625
7 0.4140625 0.07734375 0.04765625 0.040625
7 0.2265625 0.05546875 0.06484375 0.05625
12 0.14453125 0.5453125 0.25625 0.78515625
7 0.14765625 0.19765625 0.040625 0.05859375
12 0.1828125 0.5125 0.32890625 0.975
2 0.40546875 0.38359375 0.0203125 0.03984375
2 0.42265625 0.3796875 0.02265625 0.04765625
2 0.63515625 0.2984375 0.03125 0.04921875
2 0.6375 0.31171875 0.0359375 0.07578125
2 0.81015625 0.3765625 0.028125 0.05078125
2 0.84765625 0.3640625 0.03203125 0.06015625
12 0.87890625 0.0828125 0.0234375 0.10390625
12 0.83359375 0.35859375 0.121875 0.68203125
12 0.63984375 0.3375 0.13828125 0.675
12 0.3984375 0.3828125 0.1375 0.65625