4 0.2125 0.13515625 0.028125 0.05234375
4 0.396875 0.09765625 0.03515625 0.04375
4 0.74375 0.178125 0.01953125 0.04609375
4 0.59765625 0.178125 0.03203125 0.0453125
7 0.15703125 0.08828125 0.00859375 0.0140625
7 0.20234375 0.0890625 0.0421875 0.03359375
7 0.39921875 0.04140625 0.04765625 0.04609375
7 0.59609375 0.12265625 0.0453125 0.03828125
7 0.77421875 0.10234375 0.06171875 0.053125
12 0.85234375 0.56640625 0.24296875 0.74375
7 0.8484375 0.23671875 0.03828125 0.05546875
12 0.815625 0.53671875 0.31171875 0.92578125
2 0.6046875 0.41328125 0.01953125 0.0375
2 0.58828125 0.409375 0.02109375 0.0453125
2 0.38671875 0.3328125 0.0296875 0.046875
2 0.38515625 0.3453125 0.03359375 0.071875
2 0.22109375 0.40703125 0.0265625 0.0484375
2 0.18515625 0.3953125 0.03046875 0.05625
12 0.15625 0.12890625 0.021875 0.0984375
12 0.1984375 0.3890625 0.115625 0.6453125
12 0.3828125 0.35234375 0.13125 0.675
12 0.61171875 0.4125 0.13046875 0.62109375