4 0.221875 0.128125 0.0296875 0.05546875
4 0.4171875 0.08828125 0.03671875 0.046875
4 0.7828125 0.1734375 0.02109375 0.0484375
4 0.62890625 0.17265625 0.03359375 0.04765625
7 0.16328125 0.078125 0.009375 0.01484375
7 0.21171875 0.07890625 0.04453125 0.03515625
7 0.41953125 0.02890625 0.05 0.0484375
7 0.62734375 0.11484375 0.04765625 0.040625
7 0.81484375 0.09296875 0.06484375 0.05625
12 0.884375 0.5828125 0.23125 0.78515625
7 0.89375 0.23515625 0.040625 0.05859375
12 0.846875 0.53125 0.30625 0.9375
2 0.63671875 0.42109375 0.0203125 0.03984375
2 0.61875 0.4171875 0.02265625 0.04765625
2 0.40625 0.3359375 0.03125 0.04921875
2 0.4046875 0.34921875 0.0359375 0.07578125
2 0.23125 0.4140625 0.028125 0.05078125
2 0.19375 0.40234375 0.03203125 0.06015625
12 0.1625 0.12109375 0.0234375 0.10390625
12 0.2078125 0.39609375 0.121875 0.68203125
12 0.40234375 0.35703125 0.1390625 0.71328125
12 0.64375 0.4203125 0.1375 0.65625