3 0.8242662515625 0.2302411171875 0.826398203125 0.21698280468750003 0.8221342984375 0.20902781718750002 0.8200023468750001 0.177207865625 0.8157384437499999 0.1612978890625 0.798682828125 0.1268262765625 0.78695709375 0.1175454578125 0.7613736703125 0.11489379375 0.7443180546875 0.12284878125000001 0.7261964640625 0.14008458906250001 0.71766865625 0.16660121562500002 0.710206825 0.170578709375 0.707008896875 0.177207865625 0.714470728125 0.19179200937500002 0.7251304875 0.19179200937500002 0.763505621875 0.202398659375 0.78908904375 0.2130053109375 0.8146724671875001 0.22891528593750002 0.8242662515625 0.2302411171875
3 0.298740109375 0.06451220625000001 0.28808034843749997 0.05920887968750001 0.2752886375 0.05920887968750001 0.264628878125 0.06451220625000001 0.2561010703125 0.0618605421875 0.24011143124999998 0.0870513375 0.24011143124999998 0.095006325 0.2475732625 0.09368049375000001 0.2561010703125 0.09898381875 0.264628878125 0.11489379375 0.285948396875 0.1281521078125 0.307267915625 0.14936540781250002 0.3147297484375 0.15069123906249998 0.31686169999999997 0.095006325 0.31046584374999997 0.0764446875 0.298740109375 0.06451220625000001
3 0.8018807562499999 0.568328096875 0.791220996875 0.565676434375 0.763505621875 0.5312048218750001 0.742186103125 0.5126431828125 0.7166026796875 0.49673320781249997 0.6931512093750001 0.4887782203125 0.6888873046875 0.4914298828125 0.6846234015625 0.48612655625 0.6675677875 0.48612655625 0.644116315625 0.49673320781249997 0.63345655625 0.5046881953125 0.6025432546875 0.545788965625 0.5918834937499999 0.574957253125 0.5897515421875 0.62268718125 0.6025432546875 0.6730687703125 0.6110710609375001 0.6730687703125 0.6313246046875001 0.6531813 0.6782275453125 0.626664675 0.6878213296875 0.6041255421875 0.6878213296875 0.5961705546875 0.6974151125 0.5948447234375001 0.7048769453125 0.5882155671875 0.70381096875 0.5736314218749999 0.707008896875 0.574957253125 0.7091408484375 0.5855639046875 0.714470728125 0.5921930609375 0.7379221984375001 0.5868897343749999 0.7507139109375001 0.5948447234375001 0.757109765625 0.5948447234375001 0.769901478125 0.5868897343749999 0.78695709375 0.5895413984375 0.8018807562499999 0.578934746875 0.805078684375 0.572305590625 0.8018807562499999 0.568328096875
7 0.12392005312500001 0.380060053125 0.1057984625 0.3999475234375 0.1068644375 0.4092283421875 0.12392005312500001 0.4092283421875 0.13031590937499998 0.4224866546875 0.149503475 0.4145316671875 0.1580312828125 0.41718332968749994 0.1750868984375 0.43309330468749996 0.1782848265625 0.4317674734375 0.1825487296875 0.42116082343750005 0.1782848265625 0.40525084843750003 0.16016323593749998 0.3853633796875 0.147371525 0.377408390625 0.12392005312500001 0.380060053125
7 0.3051359640625 0.7884160921875 0.32645548281250003 0.7857644296874999 0.32858743437500004 0.7884160921875 0.3435110984375 0.7884160921875 0.3605667140625 0.7963710796875 0.39254599218749997 0.7937194171875 0.40320575156249994 0.8016744046875001 0.4106675828125 0.8136068875 0.419195390625 0.8533818249999999 0.4149314875 0.8852017765625 0.42026136718749996 0.8971342578125 0.42559124531250003 0.8958084265625 0.43411905468749995 0.8852017765625 0.43625100625 0.8295168625 0.42559124531250003 0.8003485734375 0.40746965468749996 0.7725061171875 0.3861501359375 0.761899465625 0.3648306171875 0.7565961406249999 0.35203890625 0.7565961406249999 0.3371152421875 0.751292815625 0.31153182031250004 0.751292815625 0.292344253125 0.761899465625 0.2763546140625 0.7791352734375 0.26782680625 0.8109552234375 0.2656948546875 0.8507301625 0.2795525421875 0.8732692953125 0.284882421875 0.8613368124999999 0.2870143734375 0.8215618750000001 0.2912782765625 0.8083035609375001 0.3051359640625 0.7884160921875
0 0.250771190625 0.1480395765625 0.26143095 0.1321296015625 0.263562903125 0.1135679640625 0.25396911875 0.09633215625 0.24117740781250002 0.09368049375000001 0.229451671875 0.1082646375 0.22518776875 0.1294779390625 0.2326496 0.1467137453125 0.23691350312499998 0.14936540781250002 0.250771190625 0.1480395765625
0 0.8306621062499999 0.3044876703125 0.8306621062499999 0.28592603125 0.8349260093750001 0.27001605624999997 0.8285301546875001 0.24880275468750002 0.8146724671875001 0.23156694843749998 0.8104085640625 0.23156694843749998 0.805078684375 0.2461510921875 0.8029467312499999 0.2647127296875 0.7901550203125 0.29918434375 0.7976168515625 0.3164201515625 0.8040127078125 0.3084651640625 0.805078684375 0.3150943203125 0.8029467312499999 0.3177459828125 0.806144659375 0.3217234765625 0.8157384437499999 0.32039764531250003 0.8253322265625 0.3164201515625 0.8306621062499999 0.3044876703125
0 0.7112727999999999 0.2647127296875 0.7240645125 0.19576950312500002 0.7123387765625 0.186488684375 0.7080748734375 0.186488684375 0.6952831609375 0.189140346875 0.6814254734375 0.20902781718750002 0.679293521875 0.2434994296875 0.6888873046875 0.26073523593750003 0.6974151125 0.2660385625 0.7112727999999999 0.2647127296875
0 0.7656375734374999 0.6982595640625 0.7688355015624999 0.6916304078125 0.76670355 0.65450713125 0.7517798859375 0.6147321921875 0.7336582953125 0.6001480484374999 0.6974151125 0.5974963859375 0.6835574249999999 0.6173838546875 0.6878213296875 0.6704171062500001 0.6931512093750001 0.6770462640625 0.7123387765625 0.6876529140625001 0.7229985359375 0.6876529140625001 0.7315263437499999 0.6823495890625 0.7368562234375 0.6889787453125 0.7379221984375001 0.7009112265625 0.749647934375 0.7022370578125 0.7549778140625001 0.6982595640625 0.7656375734374999 0.6982595640625
0 0.11645822187499999 0.4609357625 0.12498602968750001 0.452980775 0.131381884375 0.4238124859375 0.1260520046875 0.4092283421875 0.1089963890625 0.4065766796875 0.103666509375 0.41055417343749995 0.09940260625 0.4238124859375 0.09940260625 0.45032911249999996 0.1089963890625 0.46226159375 0.11645822187499999 0.4609357625
8 0.246887575 0.149896671875 0.24730736250000002 0.15616211875 0.2550734390625 0.177308003125 0.2634691984375 0.1903610171875 0.2733342140625 0.187750415625 0.2754331546875 0.18200708906250002 0.2792112453125 0.17756906249999999 0.28529817031250004 0.1741752796875 0.291175203125 0.16947619375 0.2924345671875 0.1600780234375 0.28529817031250004 0.151463034375 0.273124321875 0.1501577328125 0.26514835 0.14441440625 0.2601108953125 0.1378878984375 0.2550734390625 0.14545864687500001 0.246887575 0.149896671875
2 0.25503509375 0.2938810203125 0.24011143124999998 0.27266771875 0.24011143124999998 0.26736439375 0.2465072875 0.25940940625 0.2326496 0.23952193593749999 0.21559398437500002 0.22891528593750002 0.207066178125 0.22891528593750002 0.186812634375 0.25145441874999996 0.1825487296875 0.27001605624999997 0.1846806828125 0.27797104375 0.20067032187499997 0.3031618375 0.207066178125 0.3031618375 0.21133008125 0.29785851406249997 0.21772593593749998 0.3005101765625 0.2326496 0.29785851406249997 0.24117740781250002 0.3031618375 0.25503509375 0.30183600781250003 0.25503509375 0.2938810203125
8 0.1335323515625 0.42983304375 0.1275354828125 0.4430101515625 0.12233819531250001 0.46414324687499997 0.124337153125 0.4798066 0.132332978125 0.48801121406250003 0.1423277609375 0.492237834375 0.14912421250000002 0.4927350828125 0.15512108125 0.4897515875 0.15492118593749998 0.483038721875 0.16031836875 0.4768231046875 0.16331680312500002 0.4676239921875 0.16951356875 0.46737536874999996 0.1729117953125 0.460662503125 0.171912315625 0.4527065140625 0.1655156546875 0.45295513749999994 0.154721290625 0.45345238749999994 0.146125778125 0.4415184046875 0.1399290125 0.43057891875000004 0.1335323515625 0.42983304375
2 0.127077028125 0.6240763296875 0.13272110937499998 0.642436203125 0.14227263125 0.6489161593749999 0.1522583140625 0.64405619375 0.1505216734375 0.6213763484375 0.138365190625 0.60679645 0.1205646265625 0.6013964859375001 0.1149205453125 0.606256453125 0.127077028125 0.6240763296875
2 0.32592235468749997 0.7326155828124999 0.3150683515625 0.71479570625 0.2998727484375 0.7045357765625 0.28945290625000003 0.6958958359375 0.2699157015625 0.7250556359375 0.2755597828125 0.7358555609375 0.292057865625 0.73639555625 0.301175228125 0.7493554687499999 0.3220149140625 0.7525954453125 0.3263565140625 0.743415509375 0.32592235468749997 0.7326155828124999
5 0.26875 0.89609375 0.02265625 0.09375
8 0.40067207343750005 1 0.40982150156249997 0.98293029375 0.418300346875 0.9565659125 0.4225397703125 0.9302015296875 0.40929157343749994 0.920973996875 0.3504695828125 0.9163602296875 0.296946871875 0.9203148875 0.27627968593749996 0.9407472828125 0.27310011875 0.9559068015625 0.2863483140625 0.987544059375 0.2929368984375 1 0.40067207343750005 1
5 0.42890625 0.93515625 0.03671875 0.08359375
8 0.7176785484375 0.23373913750000003 0.7114647203125 0.2622128765625 0.7117917640625 0.275636209375 0.7216030703125 0.3028896453125 0.7543074265625 0.3297363140625 0.7686973421875 0.326482171875 0.782760215625 0.30858439375 0.7968230890625 0.28458510000000004 0.7984583062499999 0.2609925734375 0.7798168234375 0.25733166406249997 0.772621865625 0.234552671875 0.7582319484375 0.2483827734375 0.7461313374999999 0.24106095624999999 0.73566594375 0.2280443890625 0.7219301140625001 0.221942875 0.7176785484375 0.23373913750000003
8 0.7791490343749999 0.7089987 0.781326890625 0.7290435078125 0.784375890625 0.742587296875 0.7891671765625 0.738253284375 0.8013631734375 0.7317522656250001 0.81704374375 0.7198337296874999 0.8183504578124999 0.7035811828125 0.81094574375 0.683536375 0.8096390296875 0.6699925859375 0.803105459375 0.65536529375 0.81094574375 0.643446759375 0.7935228890625 0.62069319375 0.785247034375 0.6353204859375 0.7669530359375 0.6418215046875 0.7774067484375 0.666742078125 0.7791490343749999 0.7089987
7 0.6270607 0.8600109828125 0.6313246046875001 0.8600109828125 0.63345655625 0.86266264375 0.6355885078125 0.86266264375 0.6430503390625 0.8719434640625 0.6430503390625 0.8745951265624999 0.6451822921875 0.8772467890625 0.6451822921875 0.8798984515624999 0.6462482671875 0.8812242828124999 0.6590399796875 0.8812242828124999 0.6601059546875 0.8798984515624999 0.6601059546875 0.8666401390624999 0.657974003125 0.8639884765625 0.657974003125 0.8613368124999999 0.6558420515625001 0.85868515 0.6558420515625001 0.8560334890625001 0.650512171875 0.84940433125 0.6462482671875 0.84940433125 0.644116315625 0.84675266875 0.6249287484375 0.84675266875 0.6206648453125 0.8520559953125 0.6185328921875 0.8520559953125 0.6174669171875 0.8533818249999999 0.6174669171875 0.8560334890625001 0.615334965625 0.85868515 0.615334965625 0.8666401390624999 0.616400940625 0.8679659703124999 0.6249287484375 0.85735931875 0.6270607 0.8600109828125
0 0.649582471875 0.8898866468750001 0.6487461875 0.8995080062499999 0.648955259375 0.8992479703124999 0.6527185375 0.9091293671875 0.6562727453125 0.90834925625 0.663799303125 0.9021083734375 0.66129045 0.8901466828125001 0.6579453140625 0.8807853609375 0.6497915421875 0.8833857281249999 0.649582471875 0.8898866468750001
8 0.6443556953125 0.9137693671875 0.64644640625 0.90024745625 0.6431012703125 0.8916662437499999 0.6297207234375 0.8843852140624999 0.620939740625 0.8854253609375 0.6165492484375 0.886465509375 0.616340178125 0.890626096875 0.61613110625 0.90466808125 0.6219850953125 0.916369734375 0.6278390843749999 0.9215704703125001 0.638710778125 0.9215704703125001 0.6443556953125 0.9137693671875