3 0.759765625 0.149266146875 0.744140625 0.11771395312499999 0.7333984375 0.10921913125 0.7099609375 0.106792040625 0.6943359375 0.114073315625 0.677734375 0.12984941249999998 0.669921875 0.15412033125 0.6630859375 0.15776096875 0.66015625 0.1638286984375 0.6669921875 0.177177703125 0.6767578125 0.177177703125 0.7119140625 0.18688607031249999 0.7353515625 0.1965944375 0.7587890625 0.21115698749999998 0.767578125 0.21237053437500003 0.76953125 0.200235075 0.765625 0.1929538 0.763671875 0.1638286984375 0.759765625 0.149266146875
3 0.2763671875 0.055823110937499996 0.2646484375 0.055823110937499996 0.2548828125 0.060677295312500004 0.2470703125 0.058250203125 0.232421875 0.08130757499999999 0.232421875 0.0885888515625 0.2392578125 0.0873753046875 0.2470703125 0.0922294890625 0.2548828125 0.106792040625 0.2744140625 0.11892749843749999 0.2939453125 0.138344234375 0.30078125 0.1395577796875 0.302734375 0.0885888515625 0.296875 0.0715992078125 0.2861328125 0.060677295312500004 0.2763671875 0.055823110937499996
3 0.642578125 0.5473092046875 0.6513671875 0.5460956593749999 0.658203125 0.5400279296875 0.6572265625 0.526678925 0.66015625 0.5278924703125 0.662109375 0.5376008375 0.6669921875 0.5436685671875 0.6884765625 0.5388143828125 0.7001953125 0.5460956593749999 0.7060546875 0.5460956593749999 0.7177734375 0.5388143828125 0.7333984375 0.541241475 0.7470703125 0.5315331078125001 0.75 0.525465378125 0.7470703125 0.521824740625 0.7373046875 0.5193976484375 0.7119140625 0.4878454546875 0.6923828125 0.47085581249999997 0.6689453125 0.4562932609375 0.6474609375 0.44901198593749997 0.6435546875 0.45143907812500006 0.6396484375 0.44658489375 0.6240234375 0.44658489375 0.6025390625 0.4562932609375 0.5927734375 0.4635745359375 0.564453125 0.501194459375 0.5546875 0.5278924703125 0.552734375 0.5715801234375 0.564453125 0.6176948671875 0.572265625 0.6176948671875 0.5908203125 0.5994916781249999 0.6337890625 0.5752207609375 0.642578125 0.5545904796875 0.642578125 0.5473092046875
7 0.1474609375 0.3470741296875 0.1259765625 0.349501221875 0.109375 0.3677044109375 0.1103515625 0.37619923125 0.1259765625 0.37619923125 0.1318359375 0.388334690625 0.1494140625 0.381053415625 0.1572265625 0.38348050625 0.1728515625 0.3980430578125 0.17578125 0.3968295125 0.1796875 0.38712114531249997 0.17578125 0.37255859375 0.1591796875 0.35435540625 0.1474609375 0.3470741296875
7 0.3857421875 0.7087108109375 0.3662109375 0.69900244375 0.3466796875 0.694148259375 0.3349609375 0.694148259375 0.3212890625 0.6892940750000001 0.2978515625 0.6892940750000001 0.2802734375 0.69900244375 0.265625 0.714778540625 0.2578125 0.7439036421874999 0.255859375 0.7803100187500001 0.2685546875 0.8009403 0.2734375 0.7900183859375 0.275390625 0.7536120093750001 0.279296875 0.74147655 0.2919921875 0.7232733609374999 0.3115234375 0.7208462703125 0.3134765625 0.7232733609374999 0.3271484375 0.7232733609374999 0.3427734375 0.7305546374999999 0.3720703125 0.7281275453125 0.3818359375 0.7354088203125 0.388671875 0.7463307343750001 0.396484375 0.7827371109375 0.392578125 0.8118622125 0.3974609375 0.8227841250000001 0.40234375 0.8215705796874999 0.41015625 0.8118622125 0.412109375 0.760893284375 0.40234375 0.734195275 0.3857421875 0.7087108109375
0 0.2333984375 0.0873753046875 0.22265625 0.1007243109375 0.21875 0.1201410453125 0.2255859375 0.1359171421875 0.2294921875 0.138344234375 0.2421875 0.1371306875 0.251953125 0.1225681375 0.25390625 0.10557849374999999 0.2451171875 0.089802396875 0.2333984375 0.0873753046875
0 0.77734375 0.24877691093749998 0.771484375 0.22936017656250002 0.7587890625 0.2135840796875 0.7548828125 0.2135840796875 0.75 0.226933084375 0.748046875 0.2439227265625 0.736328125 0.2754749203125 0.7431640625 0.2912510171875 0.7490234375 0.2839697421875 0.75 0.290037471875 0.748046875 0.2924645640625 0.7509765625 0.2961052015625 0.759765625 0.29489165625 0.7685546875 0.2912510171875 0.7734375 0.2803291046875 0.7734375 0.2633394625 0.77734375 0.24877691093749998
0 0.6494140625 0.1747506109375 0.63671875 0.1929538 0.634765625 0.22450599218749998 0.6435546875 0.2402820890625 0.6513671875 0.2451362734375 0.6640625 0.2439227265625 0.67578125 0.180818340625 0.6650390625 0.17232351875000002 0.6611328125 0.17232351875000002 0.6494140625 0.1747506109375
0 0.71484375 0.600705225 0.701171875 0.564298846875 0.6845703125 0.5509498421875 0.6513671875 0.5485227515625 0.638671875 0.5667259390625 0.642578125 0.615267775 0.6474609375 0.6213355046875 0.6650390625 0.631043871875 0.6748046875 0.631043871875 0.6826171875 0.6261896890624999 0.6875 0.6322574171875 0.6884765625 0.64317933125 0.69921875 0.6443928765625 0.7041015625 0.6407522390625 0.7138671875 0.6407522390625 0.716796875 0.634684509375 0.71484375 0.600705225
0 0.1123046875 0.37377214062499997 0.107421875 0.37741277812499996 0.103515625 0.3895482359375 0.103515625 0.4138191546875 0.1123046875 0.42474106718750004 0.119140625 0.423527521875 0.126953125 0.416246246875 0.1328125 0.3895482359375 0.1279296875 0.37619923125 0.1123046875 0.37377214062499997
8 0.239014215625 0.144565328125 0.246128878125 0.1639203546875 0.25382040625 0.1758679015625 0.26285795 0.17347839375000002 0.2647808328125 0.168221471875 0.2682420203125 0.1641593046875 0.2738183765625 0.16105294375 0.279202446875 0.156751825 0.280356175 0.14814959218749998 0.2738183765625 0.140264209375 0.2626656625 0.1390694546875 0.2553587109375 0.13381253437500001 0.2507437953125 0.1278387609375 0.246128878125 0.1347683375 0.2386296390625 0.1388305046875 0.239014215625 0.144565328125
2 0.23828125 0.23906854375000003 0.2255859375 0.2208653546875 0.2099609375 0.21115698749999998 0.2021484375 0.21115698749999998 0.18359375 0.23178726875 0.1796875 0.24877691093749998 0.181640625 0.2560581859375 0.1962890625 0.279115559375 0.2021484375 0.279115559375 0.2060546875 0.274261375 0.2119140625 0.2766884671875 0.2255859375 0.274261375 0.2333984375 0.279115559375 0.24609375 0.2779020125 0.24609375 0.2706207375 0.232421875 0.251204003125 0.232421875 0.24634981875 0.23828125 0.23906854375000003
8 0.133683815625 0.4483099390625 0.1428402421875 0.45217860312499997 0.1490666109375 0.45263374062499995 0.1545604671875 0.44990291875 0.1543773375 0.44375856875 0.1593218078125 0.43806935625000004 0.16206873593749999 0.42964932187500005 0.16774572031249999 0.4294217546875 0.1708589046875 0.42327740468749997 0.1699432625 0.41599521250000004 0.16408315 0.41622278125 0.154194209375 0.41667791718749997 0.14631968281250002 0.4057546296875 0.1406427 0.3957416171875 0.1347825875 0.3950589109375 0.12928873125 0.4071200421875 0.124527390625 0.4264633625 0.126358675 0.44080017812500005 0.133683815625 0.4483099390625
2 0.14278973749999999 0.5955877546874999 0.1519378265625 0.59113938125 0.1503468546875 0.5703803062499999 0.13921005 0.5570351859375 0.12290258750000001 0.55209255 0.117731928125 0.556540921875 0.1288687328125 0.572851625 0.134039390625 0.589656590625 0.14278973749999999 0.5955877546874999
2 0.2800110734375 0.6756584734375 0.2883636765625 0.687520803125 0.307455340625 0.6904863859375 0.3114327703125 0.6820839015625 0.31103502656250004 0.6721986281250001 0.3010914515625 0.6558879265625001 0.287170446875 0.646496915625 0.2776246140625 0.6385886968750001 0.2597261796875 0.6652789359375 0.2648968390625 0.675164209375 0.2800110734375 0.6756584734375
5 0.25859375 0.821875 0.02109375 0.0859375
8 0.274780434375 0.9055370703125 0.28691737968750003 0.9284620609375 0.30099623593749997 0.9477673140625 0.327697515625 0.955006784375 0.3563407046875 0.9513870499999999 0.3704195609375 0.9338916625 0.3878967625 0.901314046875 0.39566440625 0.8771824796875001 0.39954822968750003 0.8530509125 0.387411284375 0.8446048625 0.33352324843750003 0.8403818390625 0.284489990625 0.8440015734375 0.26555635624999996 0.8627035390625 0.2626434890625 0.8765791890625 0.274780434375 0.9055370703125
5 0.40546875 0.8578125 0.03359375 0.0765625
8 0.664238321875 0.24163458750000003 0.6645379328125001 0.253921090625 0.6735262734374999 0.27886641874999996 0.7034874062500001 0.303439428125 0.7166703046875 0.30046088125 0.7295535921875 0.284078875 0.7424368796875 0.26211209375 0.7439349359375 0.24051763125 0.726857090625 0.23716676718750002 0.720265640625 0.216316940625 0.7070827421875 0.2289757640625 0.6959971234375 0.22227403437499998 0.6864095609375 0.2103598484375 0.673825884375 0.2047750734375 0.6699309375 0.2155723046875 0.664238321875 0.24163458750000003
8 0.72824049375 0.6689290734375 0.7310337453125 0.68132583125 0.735423140625 0.6773588687500001 0.7465961453125 0.671408425 0.7609614375 0.660499278125 0.7621585453125 0.6456231671875 0.755374934375 0.627275965625 0.7541778265625 0.6148792078125 0.7481922890625 0.6014907078125 0.755374934375 0.5905815624999999 0.7394134984375 0.5697550078125 0.7318318171875 0.58314350625 0.715072309375 0.58909395 0.7246491703125 0.6119039859375001 0.7262453140625 0.6505818718749999 0.72824049375 0.6689290734375
7 0.61328125 0.78759129375 0.61328125 0.785164203125 0.6083984375 0.7790964734375 0.6044921875 0.7790964734375 0.6025390625 0.77666938125 0.5849609375 0.77666938125 0.5810546875 0.7815235656249999 0.5791015625 0.7815235656249999 0.578125 0.7827371109375 0.578125 0.785164203125 0.576171875 0.78759129375 0.576171875 0.7948725703124999 0.5771484375 0.796086115625 0.5849609375 0.7863777484375001 0.5869140625 0.788804840625 0.5908203125 0.788804840625 0.5927734375 0.79123193125 0.5947265625 0.79123193125 0.6015625 0.7997267531250001 0.6015625 0.8021538453125 0.603515625 0.8045809374999999 0.603515625 0.807008028125 0.6044921875 0.8082215749999999 0.6162109375 0.8082215749999999 0.6171875 0.807008028125 0.6171875 0.7948725703124999 0.615234375 0.792445478125 0.615234375 0.7900183859375 0.61328125 0.78759129375
0 0.6136758171875 0.83304931875 0.6205710515625 0.8273369796875001 0.618272640625 0.8163883328124999 0.6152080921875 0.8078198249999999 0.6077382546875 0.8101999671875 0.6075467203125 0.8161503187499999 0.606780584375 0.8249568390625001 0.6069721171875 0.824718825 0.6104197359375 0.8337633609375 0.6136758171875 0.83304931875
8 0.582264196875 0.8403905390625 0.5876271562500001 0.8451508203125 0.5975869390625 0.8451508203125 0.6027583640625 0.8380103984374999 0.60467370625 0.825633665625 0.6016091578125 0.8177792 0.5893509640625 0.8111148046875 0.581306525 0.8120668609375 0.5772843046875 0.8130189187499999 0.5770927718750001 0.81682714375 0.5769012359375 0.8296799046875 0.582264196875 0.8403905390625