3 0.331801709375 0.1465720796875 0.324547440625 0.1427113703125 0.3162568453125 0.116973296875 0.29863933125000003 0.10024355 0.2820581421875 0.092522128125 0.257186359375 0.0950959359375 0.24578679062500003 0.1041042609375 0.2292056015625 0.13756375468749998 0.2250603046875 0.1530065984375 0.22298765625 0.183892284375 0.21884235937500002 0.19161370625000002 0.2209150078125 0.2044827421875 0.23024192656250003 0.2031958390625 0.2551137109375 0.1877529953125 0.27998549375000004 0.1774577671875 0.31729317031250004 0.1671625375 0.3276564125 0.1671625375 0.3349106828125 0.1530065984375 0.331801709375 0.1465720796875
3 0.7888207359375 0.065497153125 0.773275871875 0.041045984375 0.7649852765625 0.0436197921875 0.7546220328125 0.0384721765625 0.7421861421875 0.0384721765625 0.7318228984374999 0.0436197921875 0.72042333125 0.0552019234375 0.7142053859375 0.073218575 0.7162780328125 0.1272685265625 0.723532303125 0.125981621875 0.744258790625 0.10539116562499999 0.7649852765625 0.092522128125 0.773275871875 0.077079284375 0.781566465625 0.0719316703125 0.7888207359375 0.073218575 0.7888207359375 0.065497153125
3 0.37325468281249996 0.4528551375 0.35667349375 0.4528551375 0.352528196875 0.458002753125 0.34838289843750003 0.45542894531250006 0.3255837640625 0.46315036718749997 0.30071198125 0.47859321093749996 0.27998549375000004 0.4966098609375 0.2530410625 0.5300693546875 0.24267781875 0.5326431609375 0.2395688453125 0.536503871875 0.24267781875 0.542938390625 0.257186359375 0.55323361875 0.2737675484375 0.5506598125 0.28620344062499997 0.558381234375 0.2924213859375 0.558381234375 0.30485727812499996 0.5506598125 0.3276564125 0.5558074265624999 0.33283803437500004 0.5493729078125 0.3349106828125 0.5390776796875001 0.33801965625 0.5377907765625001 0.33698333125 0.551946715625 0.3442376015625 0.558381234375 0.3535645203125 0.5596681375 0.3535645203125 0.567389559375 0.362891440625 0.5892669203125 0.40848970937500007 0.6150049921875 0.428179871875 0.634308546875 0.4364704671875 0.634308546875 0.448906359375 0.585406209375 0.446833709375 0.5390776796875001 0.4364704671875 0.5107657999999999 0.4064170609375 0.47087178906249993 0.39605381875 0.46315036718749997 0.37325468281249996 0.4528551375
7 0.9193976015624999 0.3692064046875 0.9017800875 0.34990285 0.8789809515625 0.3473290421875 0.8665450609375001 0.35505046406249996 0.8489275468749999 0.37435401874999996 0.84478225 0.3897968625 0.8489275468749999 0.400092090625 0.8520365203125 0.40137899375 0.868617709375 0.38593615 0.876908303125 0.38336234375 0.895562140625 0.391083765625 0.9017800875 0.378214728125 0.9183612765625 0.378214728125 0.9193976015624999 0.3692064046875
7 0.6717160875 0.7539905828125 0.6882972765625001 0.7462691609375 0.7028058171875 0.7462691609375 0.704878465625 0.743695353125 0.7256049531250001 0.7462691609375 0.73907716875 0.7655727140625 0.7432224656249999 0.77844175 0.7452951140625 0.8170488578124999 0.7504767359375 0.828630990625 0.763948953125 0.8067536296875 0.761876303125 0.768146521875 0.753585709375 0.737260834375 0.73804084375 0.7205310875000001 0.7193870062500001 0.710235859375 0.6945152234374999 0.710235859375 0.6800066828125 0.7153834734375 0.667570790625 0.7153834734375 0.646844303125 0.7205310875000001 0.6261178171874999 0.7308263171875 0.6085003046875 0.7578512921875 0.5981370609375001 0.786163171875 0.600209709375 0.8402131234375 0.6085003046875 0.8505083515624999 0.6136819250000001 0.85179525625 0.618863546875 0.8402131234375 0.61471825 0.8093274375 0.6230088453125 0.7707203296875 0.6302631140625 0.7591381953125 0.6406263578125 0.751416775 0.6717160875 0.7539905828125
0 0.7660216015625 0.091235225 0.76809425 0.109251875 0.7784574937500001 0.12469471875 0.791929709375 0.125981621875 0.7960750062499999 0.123407815625 0.8033292765625 0.10667806875000001 0.7991839796875 0.0860876109375 0.7877844109375001 0.0719316703125 0.7753485203125 0.074505478125 0.7660216015625 0.091235225
0 0.24164149375 0.2379422359375 0.2395688453125 0.2199255859375 0.23438722343750001 0.20576964531250003 0.23024192656250003 0.20576964531250003 0.21676971093750003 0.22249939218749998 0.210551765625 0.24308985 0.21469706249999998 0.25853269375 0.21469706249999998 0.2765493453125 0.21987868281249998 0.2881314765625 0.2292056015625 0.2919921875 0.238532521875 0.29327909218750003 0.24164149375 0.2894183796875 0.2395688453125 0.2868445734375 0.2406051703125 0.2804100546875 0.24682311562499998 0.2881314765625 0.2540773859375 0.2714017296875 0.24164149375 0.2379422359375
0 0.3297290625 0.16201492343749999 0.31832949374999997 0.1710232484375 0.3307653859375 0.2379422359375 0.3442376015625 0.239229140625 0.352528196875 0.23408152499999998 0.361855115625 0.217351778125 0.3597824671875 0.183892284375 0.3463102515625 0.16458873125 0.333874359375 0.16201492343749999 0.3297290625 0.16201492343749999
0 0.3535645203125 0.6317347390625 0.35770981874999996 0.5802585953125 0.3442376015625 0.5609550421875 0.309002575 0.5635288484375 0.29138506249999996 0.5776847875 0.276876521875 0.616291896875 0.2748038734375 0.652325196875 0.2779128453125 0.658759715625 0.2882760890625 0.658759715625 0.2934577109375 0.662620425 0.30485727812499996 0.6613335218749999 0.3058936015625 0.6497513890625 0.3110752234375 0.643316871875 0.31936581875000003 0.6484644859375 0.3297290625 0.6484644859375 0.34838289843750003 0.6381692578125 0.3535645203125 0.6317347390625
0 0.8945258171875 0.39237066875000004 0.9007437625 0.42068254843749997 0.9090343578125 0.4284039703125 0.916288628125 0.4296908734375 0.925615546875 0.418108740625 0.925615546875 0.39237066875000004 0.9214702499999999 0.3795016328125 0.916288628125 0.375640921875 0.8997074390625001 0.378214728125 0.8945258171875 0.39237066875000004
8 0.7544815375 0.1576649125 0.7565220921875 0.16323960937499998 0.7661126984375 0.1657735609375 0.7742749171875001 0.153103796875 0.7818249703125 0.13257877499999998 0.78223308125 0.1264972890625 0.7742749171875001 0.1221895671875 0.7693775859375 0.114841103125 0.7644802546875 0.12117598593750001 0.756726146875 0.1267506828125 0.7448909296874999 0.128017659375 0.7379530437499999 0.13637970625 0.7391773765625 0.1455019359375 0.7448909296874999 0.1500630515625 0.7508085375 0.153357190625 0.7544815375 0.1576649125
2 0.8427096015625001 0.250811271875 0.84478225 0.24308985 0.840636953125 0.22507320000000003 0.820946790625 0.2031958390625 0.8126561953125 0.2031958390625 0.7960750062499999 0.21349106718750002 0.782602790625 0.23279462187500002 0.7888207359375 0.24051604375000002 0.7888207359375 0.2456636578125 0.774312196875 0.266254115625 0.774312196875 0.27397553750000003 0.7877844109375001 0.275262440625 0.7960750062499999 0.2701148265625 0.810583546875 0.272688634375 0.8168014937500001 0.2701148265625 0.820946790625 0.275262440625 0.8271647359375001 0.275262440625 0.8427096015625001 0.250811271875
8 0.8574548203125 0.434654503125 0.8634792140625001 0.4348958265625 0.8663942421874999 0.44382484531250005 0.8716412953124999 0.44985796406249995 0.8714469593749999 0.45637373437499995 0.8772770171875001 0.45926963125000003 0.8838844171875 0.45878698125 0.8936011796875001 0.45468446093750003 0.9013745906249999 0.4467207421875 0.90331794375 0.43151727968750003 0.8982652265625 0.41100467343749997 0.89243516875 0.3982144578125 0.8862164390625 0.39893843281249997 0.880192046875 0.40955672343750005 0.8718356296875 0.4211403140625 0.8613415249999999 0.42065766406250005 0.855122796875 0.42041633906250003 0.8541511203125 0.4281387328125 0.8574548203125 0.434654503125
2 0.9105292609375001 0.5694579046875 0.905042178125 0.5647406312500001 0.8877367609375 0.5699820453125 0.8759184281250001 0.5841338656249999 0.8742300953125 0.6061478078125 0.8839380125 0.6108650796874999 0.8932238453125001 0.6045753828125 0.898710928125 0.586754571875 0.9105292609375001 0.5694579046875
2 0.75435843125 0.69525185625 0.7598455140625 0.6847690281250001 0.740851765625 0.6564653890625001 0.730721765625 0.6648516515625 0.7159488484375001 0.6748103390625 0.705396765625 0.6921070078125 0.7049746828125001 0.7025898374999999 0.709195515625 0.7115002421875001 0.7294555140625001 0.70835539375 0.738319265625 0.6957759984375 0.75435843125 0.69525185625
5 0.7609375 0.85078125 0.021875 0.090625
8 0.6877145984374999 0.9920106484375 0.7160498921875 0.984333559375 0.73099031875 0.9638613218750001 0.743869996875 0.9395505375000001 0.7567496765625 0.90884218125 0.753658553125 0.894127759375 0.7335662546874999 0.8742952796875001 0.6815323531249999 0.870456734375 0.624346578125 0.8749350359375001 0.6114669 0.883891640625 0.615588396875 0.9094819390625 0.6238313921875001 0.9350722359375 0.6423781281250001 0.9696191375 0.65731855625 0.9881721046875 0.6877145984374999 0.9920106484375
5 0.6046875 0.8890625 0.0359375 0.08125
8 0.2749381890625 0.2978980671875 0.2889278296875 0.3010566640625 0.3207224671875 0.274998240625 0.33026085781250003 0.248544990625 0.3305788046875 0.23551577968749998 0.3245378234375 0.20787805625 0.3204045203125 0.19642814375 0.307050771875 0.20235051249999997 0.2968764875 0.2149849 0.285112471875 0.2220917421875 0.27112283125 0.20866770625000003 0.2641280109375 0.230777884375 0.24600506875 0.23433130625 0.24759479999999998 0.2572311328125 0.26126649375 0.28052578437500003 0.2749381890625 0.2978980671875
8 0.2279366109375 0.67970044375 0.243181003125 0.6912690375 0.255037753125 0.69757918125 0.2596957609375 0.7017859421875 0.26265994843749996 0.6886398125000001 0.264777225 0.6691835390625 0.266471046875 0.6281676125 0.27663397500000003 0.60397873125 0.25884885 0.5976685890625 0.2508032 0.58347076875 0.2338649859375 0.6055562671875 0.24148718281249998 0.6171248625 0.2351353515625 0.6313226828125 0.2338649859375 0.6444688140625 0.2266662453125 0.6639250859375 0.2279366109375 0.67970044375
7 0.4043444125 0.8183357609374999 0.4064170609375 0.8183357609374999 0.40848970937500007 0.8157619546875001 0.4126350078125 0.8157619546875001 0.41470765624999995 0.8131881484375001 0.42299825 0.8234833765625 0.424034575 0.8221964734375 0.424034575 0.8144750515625001 0.4219619265625 0.8119012437500001 0.4219619265625 0.8093274375 0.4209256015625 0.808040534375 0.41885295312500004 0.808040534375 0.41470765624999995 0.8028929187499999 0.39605381875 0.8028929187499999 0.3939811703125 0.8054667265625 0.389835871875 0.8054667265625 0.38465425 0.8119012437500001 0.38465425 0.8144750515625001 0.3825816015625 0.8170488578124999 0.3825816015625 0.819622665625 0.380508953125 0.8221964734375 0.380508953125 0.8350655093749999 0.381545278125 0.8363524124999999 0.3939811703125 0.8363524124999999 0.39501749375 0.8350655093749999 0.39501749375 0.8324917015625 0.3970901421875 0.8299178953125 0.3970901421875 0.8273440875 0.4043444125 0.8183357609374999
0 0.39134947656249996 0.85384690625 0.3915527328125 0.8540993078125 0.39073971093750004 0.8447604406250001 0.39053645625 0.838450396875 0.38260949375000003 0.835926378125 0.37935740625 0.8450128421875001 0.37691834218750003 0.8566233265625 0.3842355375 0.8626809703125 0.3876908796875 0.8634381765624999 0.39134947656249996 0.85384690625
8 0.4175694265625 0.8704659609375 0.4232605796875 0.8591078781249999 0.4230573234375 0.8454781812500001 0.42285406875 0.8414397515625 0.4185857046875 0.8404301437499999 0.41004897656250006 0.8394205359375 0.39704062812499996 0.8464877875000001 0.3937885421875 0.8548170468749999 0.395821096875 0.8679419421875 0.40130899375 0.8755139968749999 0.411878275 0.8755139968749999 0.4175694265625 0.8704659609375