11 0.3515625 0.703125 0.2546875 0.14921875
11 0.390625 0.5125 0.15078125 0.26015625
11 0.1859375 0.55234375 0.1484375 0.30078125
3 0.2125 0.371875 0.0890625 0.09296875
3 0.409375 0.35859375 0.0796875 0.0671875
10 0.19609375 0.73125 0.0625 0.0765625
2 0.39453125 0.646875 0.0484375 0.07421875
4 0.2171875 0.4484375 0.034375 0.028125
3 0.71953125 0.47265625 0.021875 0.034375
11 0.71796875 0.56796875 0.0359375 0.140625
13 0.73125 0.65703125 0.01171875 0.04140625
13 0.70390625 0.64453125 0.01796875 0.03515625
9 0.52265625 0.53984375 0.02578125 0.12578125
9 0.66484375 0.5203125 0.01875 0.09296875
2 0.2421875 0.6328125 0.0375 0.06171875
7 0.51796875 0.46015625 0.01875 0.0171875
7 0.6640625 0.46328125 0.01015625 0.0109375
8 0.39296875 0.40703125 0.0265625 0.040625
2 0.7046875 0.57265625 0.00703125 0.02265625
2 0.2546875 0.59921875 0.02734375 0.046875