3 0.7671875 0.37578125 0.0875 0.1109375
3 0.59296875 0.3453125 0.0796875 0.0390625
2 0.75078125 0.65234375 0.0359375 0.06171875
10 0.80703125 0.73671875 0.06328125 0.07734375
2 0.59921875 0.64296875 0.0484375 0.059375
11 0.65234375 0.71015625 0.25625 0.14765625
11 0.81796875 0.55625 0.14375 0.29921875
11 0.60703125 0.525 0.159375 0.27734375
8 0.60546875 0.3921875 0.034375 0.040625
4 0.76875 0.453125 0.0421875 0.0359375
3 0.1953125 0.4890625 0.02421875 0.0390625
2 0.24375 0.52265625 0.01875 0.02578125
2 0.153125 0.51015625 0.015625 0.03046875
11 0.1953125 0.6 0.07734375 0.17109375
13 0.190625 0.7015625 0.025 0.0421875
13 0.1703125 0.7109375 0.015625 0.0515625
9 0.34765625 0.56640625 0.028125 0.11796875
9 0.2953125 0.56484375 0.021875 0.0890625
9 0.28046875 0.5453125 0.015625 0.09765625
7 0.3484375 0.49140625 0.0140625 0.01484375
7 0.296875 0.49921875 0.01484375 0.01875
7 0.28125 0.48359375 0.01171875 0.01484375