11 0.19921875 0.5234375 0.15703125 0.32421875
11 0.37890625 0.684375 0.2734375 0.16640625
11 0.41953125 0.471875 0.15859375 0.26796875
3 0.23828125 0.33828125 0.0921875 0.1078125
3 0.43984375 0.3125 0.08515625 0.0671875
10 0.2109375 0.7125 0.06484375 0.07421875
2 0.4234375 0.6265625 0.04921875 0.06875
4 0.2296875 0.40234375 0.03671875 0.0328125
3 0.971875 0.46640625 0.021875 0.0265625
11 0.96796875 0.55546875 0.0265625 0.1296875
13 0.9703125 0.628125 0.015625 0.01640625
9 0.790625 0.51484375 0.01796875 0.084375
2 0.25546875 0.6671875 0.0359375 0.0578125
7 0.771875 0.46328125 0.0171875 0.01796875
7 0.8875 0.4609375 0.0109375 0.01171875
8 0.42109375 0.36484375 0.02890625 0.04375
2 0.9484375 0.53515625 0.01328125 0.02265625
9 0.8875 0.528125 0.025 0.1
2 0.2609375 0.62421875 0.02734375 0.0296875
7 0.7875 0.459375 0.0109375 0.01328125
9 0.76953125 0.5375 0.0203125 0.1125
2 0.96015625 0.5046875 0.00703125 0.015625