11 0.35234375 0.70546875 0.2578125 0.15703125
11 0.39296875 0.5046875 0.15078125 0.25234375
11 0.18359375 0.55546875 0.14765625 0.3046875
3 0.21015625 0.37109375 0.09453125 0.08203125
3 0.41484375 0.359375 0.08046875 0.0625
10 0.19765625 0.73359375 0.0609375 0.06953125
2 0.39453125 0.65234375 0.04609375 0.06484375
4 0.2125 0.44140625 0.034375 0.03125
3 0.89765625 0.47890625 0.021875 0.025
11 0.89453125 0.5609375 0.025 0.121875
13 0.8859375 0.63359375 0.01640625 0.02578125
9 0.70859375 0.5328125 0.015625 0.09296875
2 0.234375 0.64375 0.03359375 0.05390625
7 0.68984375 0.48125 0.015625 0.0171875
7 0.8203125 0.48203125 0.01015625 0.0109375
8 0.39453125 0.40546875 0.02734375 0.040625
2 0.88828125 0.52421875 0.00703125 0.0234375
13 0.909375 0.63984375 0.01796875 0.03828125
9 0.8203125 0.5359375 0.0171875 0.08203125
3 0.94453125 0.49765625 0.009375 0.0140625
2 0.246875 0.61328125 0.02578125 0.028125
7 0.70546875 0.47734375 0.015625 0.0171875
9 0.69140625 0.54921875 0.0203125 0.1015625
11 0.95078125 0.53359375 0.01953125 0.05546875