11 0.18671875 0.55703125 0.14921875 0.3046875
11 0.3578125 0.70703125 0.2578125 0.15703125
11 0.396875 0.50703125 0.14921875 0.25234375
3 0.21484375 0.3828125 0.08828125 0.10703125
3 0.41640625 0.3578125 0.078125 0.05546875
10 0.2015625 0.7421875 0.06328125 0.07734375
2 0.39921875 0.65 0.04609375 0.06484375
4 0.21640625 0.4625 0.03671875 0.03203125
3 0.8625 0.5046875 0.0203125 0.03046875
11 0.86328125 0.59375 0.02734375 0.13125
9 0.6421875 0.5953125 0.04140625 0.11953125
2 0.2171875 0.68359375 0.01875 0.05234375
7 0.74921875 0.51328125 0.0171875 0.01953125
8 0.3984375 0.40703125 0.02578125 0.0375
2 0.8640625 0.6015625 0.0109375 0.02578125
9 0.7046875 0.56484375 0.01640625 0.06484375
3 0.67109375 0.5078125 0.01484375 0.01640625
9 0.74765625 0.59140625 0.02265625 0.1203125
2 0.8546875 0.54765625 0.01015625 0.0171875
11 0.6796875 0.58671875 0.03515625 0.11484375
7 0.70234375 0.51875 0.01015625 0.0125
7 0.61796875 0.52578125 0.01875 0.01953125