11 0.18828125 0.553125 0.14609375 0.29765625
11 0.35703125 0.7 0.25234375 0.153125
11 0.39375 0.50390625 0.14609375 0.24609375
3 0.2125 0.38125 0.08671875 0.1046875
3 0.4140625 0.3578125 0.0765625 0.0546875
10 0.20390625 0.73046875 0.06171875 0.07578125
2 0.396875 0.6484375 0.0453125 0.06328125
4 0.21484375 0.4515625 0.0359375 0.03125
3 0.78125 0.4375 0.01640625 0.01875
11 0.78828125 0.51953125 0.046875 0.12578125
2 0.23515625 0.63984375 0.0375 0.06015625
7 0.89453125 0.4390625 0.01015625 0.0125
8 0.39453125 0.41171875 0.025 0.03671875
9 0.896875 0.48515625 0.01953125 0.06796875
2 0.76015625 0.50625 0.0078125 0.01328125
7 0.728125 0.4390625 0.01640625 0.0125
9 0.74140625 0.54609375 0.03203125 0.1625
2 0.25 0.628125 0.02421875 0.0609375