11 0.81171875 0.55234375 0.1453125 0.29921875
11 0.64296875 0.70078125 0.25390625 0.15390625
11 0.60546875 0.5046875 0.14765625 0.24765625
3 0.7734375 0.384375 0.08203125 0.10625
3 0.5859375 0.3609375 0.07890625 0.06171875
10 0.796875 0.7328125 0.06015625 0.06875
2 0.60390625 0.6484375 0.0453125 0.06328125
4 0.77578125 0.4625 0.0296875 0.02578125
3 0.1125 0.49609375 0.01640625 0.0234375
11 0.11484375 0.575 0.02265625 0.1125
13 0.10078125 0.6390625 0.015625 0.02734375
9 0.20703125 0.5625 0.02109375 0.11328125
2 0.76171875 0.675 0.03046875 0.0484375
7 0.25078125 0.49140625 0.015625 0.0171875
7 0.2078125 0.48671875 0.01015625 0.0109375
8 0.603125 0.403125 0.02421875 0.0328125
2 0.12265625 0.528125 0.01015625 0.01328125
2 0.75078125 0.62578125 0.01796875 0.02578125
9 0.253125 0.5625 0.0171875 0.1015625
2 0.12421875 0.5484375 0.00859375 0.0203125
3 0.12109375 0.4875 0.00859375 0.01171875
13 0.12578125 0.64375 0.01484375 0.02109375