11 0.65546875 0.7375 0.27109375 0.15546875
11 0.60703125 0.54140625 0.16875 0.29296875
11 0.83203125 0.58203125 0.15546875 0.31171875
3 0.7765625 0.384375 0.0921875 0.1171875
3 0.5921875 0.3515625 0.084375 0.04140625
10 0.81875 0.765625 0.0671875 0.08203125
2 0.59921875 0.64296875 0.0515625 0.06953125
8 0.60859375 0.4015625 0.0359375 0.0421875
4 0.778125 0.465625 0.04453125 0.03828125
3 0.125 0.4953125 0.03046875 0.0453125
2 0.18046875 0.5328125 0.01953125 0.0296875
11 0.1296875 0.62578125 0.08046875 0.19375
13 0.10703125 0.74765625 0.015625 0.04921875
13 0.12109375 0.753125 0.0171875 0.01875
9 0.31171875 0.565625 0.028125 0.1140625
9 0.2625 0.57109375 0.02890625 0.10234375
9 0.2328125 0.55390625 0.01875 0.103125
2 0.75 0.63515625 0.04296875 0.05703125
2 0.7609375 0.6765625 0.04296875 0.05703125
2 0.12578125 0.55078125 0.01953125 0.0296875
7 0.3140625 0.4953125 0.01328125 0.01328125
7 0.26328125 0.50234375 0.01796875 0.015625
7 0.23125 0.490625 0.0109375 0.01171875