11 0.615625 0.7078125 0.27578125 0.15859375
11 0.56875 0.49609375 0.17578125 0.2796875
11 0.79765625 0.55 0.15859375 0.3171875
3 0.75625 0.3421875 0.09609375 0.09140625
3 0.5515625 0.3328125 0.0859375 0.07734375
10 0.78359375 0.73671875 0.06796875 0.08359375
2 0.5625 0.4203125 0.05859375 0.10078125
4 0.75625 0.425 0.0453125 0.03828125
3 0.1234375 0.4734375 0.03046875 0.04609375
2 0.09453125 0.5921875 0.0171875 0.0328125
11 0.1265625 0.6109375 0.0578125 0.196875
13 0.08828125 0.7203125 0.0265625 0.0609375
13 0.1359375 0.73359375 0.03203125 0.0453125
9 0.33125 0.55390625 0.03125 0.12578125
9 0.2828125 0.5578125 0.02890625 0.1140625
9 0.22890625 0.5328125 0.02265625 0.09765625
2 0.7125 0.60546875 0.03515625 0.06484375
2 0.728125 0.65859375 0.04140625 0.05
2 0.1625 0.55703125 0.01953125 0.03046875
7 0.33515625 0.47578125 0.01328125 0.0140625
7 0.284375 0.47890625 0.01875 0.015625
7 0.2328125 0.46796875 0.0109375 0.01171875