11 0.18984375 0.55234375 0.14375 0.29765625
11 0.35703125 0.7 0.25234375 0.153125
11 0.39453125 0.5046875 0.14609375 0.24609375
3 0.21171875 0.37578125 0.08671875 0.0921875
3 0.41484375 0.36171875 0.078125 0.06171875
10 0.20390625 0.73046875 0.06171875 0.07578125
2 0.3953125 0.6515625 0.0453125 0.06328125
4 0.2140625 0.44921875 0.03515625 0.03125
3 0.7984375 0.46328125 0.01640625 0.0234375
11 0.803125 0.53984375 0.03359375 0.11796875
9 0.6953125 0.5375 0.0171875 0.10859375
2 0.225 0.6640625 0.03203125 0.0515625
7 0.63984375 0.46015625 0.015625 0.01640625
7 0.69765625 0.46484375 0.0140625 0.01171875
8 0.3953125 0.40703125 0.025 0.03671875
2 0.81640625 0.54375 0.009375 0.01953125
2 0.246875 0.64375 0.02109375 0.03984375
9 0.6515625 0.54296875 0.02265625 0.1359375
2 0.79609375 0.49921875 0.009375 0.015625
3 0.7234375 0.45546875 0.0125 0.0125
13 0.796875 0.6140625 0.015625 0.0296875
11 0.725 0.521875 0.02265625 0.096875
2 0.709375 0.51171875 0.0046875 0.0140625
2 0.7296875 0.5125 0.00625 0.0125