11 0.18984375 0.55234375 0.14375 0.29765625
11 0.35703125 0.7 0.25234375 0.153125
11 0.39453125 0.5046875 0.14609375 0.24609375
3 0.22734375 0.38515625 0.08125 0.10625
3 0.41328125 0.36171875 0.078125 0.06171875
10 0.20390625 0.73203125 0.06015625 0.06796875
2 0.3953125 0.64765625 0.0453125 0.06328125
4 0.22578125 0.46328125 0.0296875 0.025
3 0.884375 0.49609375 0.01640625 0.0234375
11 0.88203125 0.57421875 0.02265625 0.11171875
13 0.89609375 0.63828125 0.015625 0.0265625
9 0.790625 0.5625 0.02109375 0.1125
2 0.2390625 0.67421875 0.03046875 0.0484375
7 0.746875 0.49140625 0.015625 0.01640625
7 0.7890625 0.4875 0.01015625 0.0109375
8 0.396875 0.40390625 0.02421875 0.0328125
2 0.87421875 0.528125 0.01015625 0.01328125
2 0.25 0.62578125 0.0171875 0.02578125
9 0.74453125 0.5625 0.0171875 0.1015625
2 0.87265625 0.5484375 0.00859375 0.0203125
3 0.87578125 0.4875 0.00859375 0.0109375
13 0.87109375 0.64296875 0.01484375 0.02109375