11 0.35625 0.7046875 0.25078125 0.14375
11 0.40078125 0.5234375 0.15625 0.27109375
11 0.1921875 0.5609375 0.14453125 0.28828125
3 0.24375 0.37734375 0.08515625 0.1078125
3 0.41484375 0.34765625 0.078125 0.03828125
10 0.2046875 0.73046875 0.06171875 0.07578125
2 0.40859375 0.6171875 0.04765625 0.0640625
8 0.4 0.39375 0.03359375 0.0390625
4 0.2421875 0.453125 0.04140625 0.03515625
3 0.84765625 0.48046875 0.028125 0.0421875
2 0.79609375 0.51484375 0.01796875 0.02734375
11 0.84296875 0.6015625 0.07421875 0.17890625
13 0.8640625 0.7140625 0.01484375 0.0453125
13 0.8515625 0.71875 0.015625 0.0171875
9 0.67421875 0.5453125 0.02578125 0.10546875
9 0.7203125 0.55 0.0265625 0.0953125
9 0.74765625 0.53515625 0.0171875 0.0953125
2 0.26796875 0.61015625 0.03984375 0.053125
2 0.25859375 0.64765625 0.03984375 0.053125
2 0.846875 0.53203125 0.01796875 0.02734375
7 0.671875 0.48046875 0.0125 0.0125
7 0.71875 0.48671875 0.0171875 0.0140625
7 0.7484375 0.47578125 0.01015625 0.0109375