11 0.34140625 0.7078125 0.26015625 0.15234375
11 0.38125 0.5125 0.15390625 0.265625
11 0.171875 0.553125 0.1515625 0.30703125
3 0.19921875 0.36875 0.090625 0.0953125
3 0.40078125 0.35546875 0.08125 0.06875
10 0.1828125 0.7359375 0.0640625 0.078125
2 0.38515625 0.64921875 0.04921875 0.07578125
4 0.20390625 0.446875 0.03515625 0.02890625
3 0.7171875 0.47265625 0.02265625 0.034375
11 0.71484375 0.56875 0.03671875 0.14375
13 0.72890625 0.66015625 0.01171875 0.0421875
13 0.7015625 0.646875 0.01875 0.0359375
9 0.51640625 0.540625 0.0265625 0.12890625
9 0.6609375 0.52109375 0.01953125 0.0953125
2 0.2296875 0.6359375 0.03828125 0.0625
7 0.5109375 0.459375 0.01875 0.0171875
7 0.66015625 0.4625 0.01015625 0.0109375
8 0.38359375 0.40546875 0.02734375 0.04140625
2 0.7015625 0.57421875 0.00703125 0.0234375
2 0.2421875 0.60078125 0.02734375 0.04765625