11 0.8515625 0.5375 0.1578125 0.321875
11 0.66953125 0.696875 0.271875 0.165625
11 0.63046875 0.484375 0.1578125 0.26640625
3 0.821875 0.353125 0.09375 0.11328125
3 0.6078125 0.32734375 0.0828125 0.05859375
10 0.83515625 0.73046875 0.06640625 0.08125
2 0.62578125 0.6359375 0.0484375 0.06796875
4 0.81953125 0.43671875 0.03828125 0.03359375
3 0.28984375 0.39921875 0.01875 0.02421875
11 0.2828125 0.4828125 0.0203125 0.12734375
2 0.81953125 0.675 0.028125 0.0578125
7 0.10625 0.39765625 0.02109375 0.0203125
8 0.628125 0.37734375 0.0265625 0.03984375
9 0.309375 0.5203125 0.0453125 0.17265625
9 0.10859375 0.4984375 0.0265625 0.1484375
2 0.2765625 0.49375 0.00625 0.0171875
7 0.32890625 0.409375 0.02109375 0.01796875
9 0.19765625 0.45859375 0.0140625 0.0703125
2 0.7859375 0.6234375 0.02421875 0.04375