11 0.35703125 0.70234375 0.25234375 0.14765625
11 0.3953125 0.51328125 0.14921875 0.25703125
11 0.19296875 0.553125 0.14609375 0.29765625
3 0.21953125 0.37421875 0.08828125 0.0921875
3 0.4140625 0.3609375 0.07890625 0.06640625
10 0.203125 0.73046875 0.06171875 0.07578125
2 0.39921875 0.64609375 0.04765625 0.0734375
4 0.22421875 0.45 0.034375 0.028125
3 0.72109375 0.475 0.021875 0.03359375
11 0.71953125 0.56796875 0.0359375 0.1390625
13 0.7328125 0.65625 0.01171875 0.040625
13 0.70625 0.64375 0.01796875 0.03515625
9 0.5265625 0.54140625 0.02578125 0.125
9 0.6671875 0.521875 0.01875 0.0921875
2 0.24921875 0.6328125 0.03671875 0.0609375
7 0.52109375 0.4625 0.01796875 0.01640625
7 0.66640625 0.46484375 0.01015625 0.0109375
8 0.3984375 0.409375 0.0265625 0.03984375
2 0.70625 0.5734375 0.00625 0.02265625
2 0.2609375 0.59921875 0.0265625 0.04609375