11 0.18828125 0.5578125 0.1484375 0.30078125
11 0.35859375 0.70625 0.2546875 0.1546875
11 0.3953125 0.5078125 0.1484375 0.24921875
3 0.2125 0.384375 0.0875 0.10625
3 0.41640625 0.3609375 0.07734375 0.0546875
10 0.20390625 0.7375 0.0625 0.0765625
2 0.39921875 0.6546875 0.0453125 0.0640625
4 0.21484375 0.4546875 0.0359375 0.03125
3 0.7875 0.440625 0.01640625 0.01953125
11 0.79453125 0.5234375 0.04765625 0.12734375
2 0.23515625 0.6453125 0.0375 0.0609375
7 0.90234375 0.44296875 0.01015625 0.0125
8 0.39609375 0.41484375 0.025 0.0375
9 0.9046875 0.48984375 0.01953125 0.06875
2 0.76640625 0.5109375 0.0078125 0.01328125
7 0.73359375 0.44296875 0.01640625 0.01328125
9 0.74765625 0.55078125 0.03203125 0.1640625
2 0.25078125 0.63359375 0.02421875 0.06171875