11 0.37734375 0.74296875 0.27578125 0.16796875
11 0.42109375 0.534375 0.16328125 0.28125
11 0.196875 0.5828125 0.159375 0.32578125
3 0.234375 0.390625 0.09609375 0.10546875
3 0.44609375 0.3734375 0.0859375 0.07265625
10 0.21171875 0.775 0.06796875 0.0828125
2 0.42421875 0.68203125 0.04921875 0.06875
4 0.23671875 0.48046875 0.03828125 0.0375
3 0.853125 0.49921875 0.02421875 0.03671875
11 0.8484375 0.596875 0.0515625 0.1421875
13 0.853125 0.67265625 0.0171875 0.0171875
9 0.6328125 0.57265625 0.0265625 0.11953125
9 0.8046875 0.56015625 0.01875 0.09609375
2 0.2625 0.7328125 0.03828125 0.059375
7 0.62734375 0.49453125 0.01953125 0.01875
7 0.80390625 0.49609375 0.0109375 0.01171875
8 0.42578125 0.42421875 0.02890625 0.04375
2 0.81640625 0.58359375 0.00703125 0.025
2 0.2703125 0.6625 0.0265625 0.021875
2 0.87578125 0.60859375 0.00703125 0.025
11 0.884375 0.54609375 0.0171875 0.06328125
3 0.8453125 0.50546875 0.00859375 0.01171875