11 0.8109375 0.5375 0.159375 0.3171875
11 0.6328125 0.69453125 0.26875 0.16328125
11 0.5921875 0.48515625 0.15625 0.26328125
3 0.784375 0.365625 0.09609375 0.13515625
3 0.571875 0.325 0.08125 0.04921875
10 0.7953125 0.72734375 0.065625 0.08046875
2 0.5875 0.63359375 0.0484375 0.0671875
4 0.78359375 0.45625 0.0421875 0.02890625
3 0.04296875 0.44140625 0.0171875 0.0203125
11 0.05078125 0.54140625 0.065625 0.15546875
2 0.7625 0.69921875 0.0375 0.04296875
8 0.5890625 0.37421875 0.0265625 0.0390625
2 0.08984375 0.4828125 0.009375 0.01796875
7 0.20546875 0.4625 0.01953125 0.015625
9 0.1953125 0.56015625 0.03984375 0.15078125
2 0.74609375 0.6171875 0.0296875 0.03125