11 0.81328125 0.5546875 0.14765625 0.29921875
11 0.64375 0.70234375 0.25390625 0.15390625
11 0.60703125 0.50546875 0.14765625 0.24765625
3 0.7890625 0.38203125 0.08671875 0.10546875
3 0.58671875 0.36171875 0.0765625 0.06015625
10 0.79765625 0.73359375 0.0625 0.07578125
2 0.6046875 0.6515625 0.0453125 0.06328125
4 0.7875 0.4578125 0.0359375 0.03125
3 0.1421875 0.41328125 0.01640625 0.01953125
11 0.13828125 0.50234375 0.0578125 0.134375
2 0.76640625 0.66953125 0.03046875 0.0546875
8 0.60625 0.4125 0.025 0.03671875
2 0.121875 0.503125 0.0109375 0.0171875
7 0.22265625 0.4234375 0.01875 0.01484375
9 0.2109375 0.5265625 0.034375 0.15625
2 0.75390625 0.64609375 0.02265625 0.04921875
2 0.14765625 0.49296875 0.01015625 0.01484375
11 0.11640625 0.4484375 0.01328125 0.04140625