11 0.8140625 0.575 0.15390625 0.31796875
11 0.6359375 0.7328125 0.26875 0.16328125
11 0.5953125 0.52421875 0.15625 0.26328125
3 0.790625 0.38671875 0.0921875 0.0984375
3 0.5734375 0.37109375 0.08359375 0.065625
10 0.79921875 0.76484375 0.065625 0.08046875
2 0.59453125 0.68125 0.0484375 0.0671875
4 0.7890625 0.465625 0.0375 0.03359375
3 0.16484375 0.4796875 0.01796875 0.025
11 0.16015625 0.56171875 0.0359375 0.12578125
9 0.275 0.559375 0.01796875 0.115625
2 0.7765625 0.69453125 0.034375 0.0546875
7 0.334375 0.47734375 0.01640625 0.01796875
7 0.27265625 0.48203125 0.01484375 0.0125
8 0.5953125 0.41953125 0.0265625 0.0390625
2 0.1453125 0.56640625 0.009375 0.02109375
2 0.75390625 0.67265625 0.021875 0.04296875
9 0.321875 0.565625 0.02421875 0.1453125
2 0.1671875 0.51875 0.01015625 0.01640625
3 0.2453125 0.47109375 0.0140625 0.0140625
13 0.16640625 0.640625 0.01640625 0.03203125
11 0.24296875 0.54296875 0.02421875 0.103125
2 0.26015625 0.53203125 0.00546875 0.015625
2 0.23828125 0.5328125 0.00703125 0.01328125