3 0.57109375 0.84140625 0.021875 0.0390625
3 0.546875 0.85859375 0.021875 0.03125
3 0.55625 0.46015625 0.0171875 0.02265625
3 0.41328125 0.37421875 0.0171875 0.02734375
13 0.4125 0.478125 0.01171875 0.02265625
13 0.42578125 0.4765625 0.01015625 0.025
11 0.5765625 0.9109375 0.03203125 0.11328125
6 0.50390625 0.8734375 0.01484375 0.021875
13 0.58203125 0.9640625 0.00859375 0.028125
13 0.56875 0.98359375 0.0203125 0.03203125
9 0.5390625 0.93671875 0.0625 0.1265625
9 0.5578125 0.52578125 0.01953125 0.0921875
9 0.41640625 0.428125 0.0265625 0.084375