11 0.81171875 0.5546875 0.14765625 0.29921875
11 0.64296875 0.70234375 0.25390625 0.15390625
11 0.60546875 0.50546875 0.14765625 0.24765625
3 0.784375 0.3828125 0.08671875 0.10546875
3 0.58515625 0.35859375 0.07734375 0.0546875
10 0.796875 0.73671875 0.0625 0.07578125
2 0.60234375 0.65078125 0.0453125 0.06328125
4 0.784375 0.46171875 0.0359375 0.03125
3 0.24140625 0.44375 0.01875 0.02890625
11 0.240625 0.53125 0.02109375 0.125
9 0.4375 0.54453125 0.05234375 0.15078125
2 0.78359375 0.684375 0.02890625 0.07265625
7 0.3484375 0.44921875 0.01796875 0.01875
7 0.46875 0.45859375 0.01953125 0.01796875
8 0.6046875 0.40703125 0.025 0.03671875
2 0.240625 0.5328125 0.009375 0.01953125
2 0.75546875 0.640625 0.02109375 0.03984375
9 0.34921875 0.53046875 0.02265625 0.11875
2 0.2484375 0.48515625 0.009375 0.015625
3 0.3859375 0.43984375 0.0140625 0.01640625
13 0.23828125 0.6078125 0.01640625 0.03203125
11 0.3796875 0.51328125 0.03125 0.1078125
2 0.403125 0.48828125 0.01015625 0.01171875
2 0.37890625 0.49921875 0.009375 0.01328125
9 0.1484375 0.49921875 0.01875 0.0953125
7 0.15 0.4375 0.01015625 0.0125