3 0.4390625 0.83203125 0.02109375 0.0375
3 0.46328125 0.8484375 0.02109375 0.03046875
3 0.45390625 0.4609375 0.01640625 0.021875
3 0.59296875 0.37734375 0.0171875 0.0265625
13 0.59375 0.47890625 0.01171875 0.021875
13 0.58046875 0.47734375 0.009375 0.02421875
11 0.43359375 0.89921875 0.03125 0.11015625
6 0.5046875 0.86328125 0.0140625 0.02109375
13 0.428125 0.95078125 0.00859375 0.02734375
13 0.44140625 0.9703125 0.0203125 0.03046875
9 0.471875 0.93203125 0.06171875 0.1359375
9 0.45234375 0.525 0.01875 0.0890625
9 0.58984375 0.4296875 0.0265625 0.08203125