11 0.8125 0.53359375 0.16015625 0.31953125
11 0.6328125 0.6859375 0.27109375 0.175
11 0.5921875 0.48046875 0.15703125 0.26484375
3 0.78046875 0.35390625 0.09375 0.12421875
3 0.5671875 0.31875 0.08125 0.04921875
10 0.79765625 0.72421875 0.06640625 0.08125
2 0.58828125 0.6296875 0.0484375 0.06796875
4 0.78046875 0.4375 0.03671875 0.03125
3 0.03984375 0.4 0.0171875 0.0203125
11 0.04765625 0.50859375 0.07265625 0.171875
2 0.77109375 0.68125 0.02109375 0.04296875
8 0.58828125 0.36953125 0.0265625 0.03984375
2 0.0890625 0.4453125 0.01171875 0.01796875
7 0.25234375 0.43515625 0.01953125 0.015625
9 0.24296875 0.5328125 0.03828125 0.14765625
2 0.009375 0.50078125 0.009375 0.02734375