11 0.14296875 0.57265625 0.1609375 0.32109375
11 0.32265625 0.72734375 0.271875 0.1765625
11 0.365625 0.5203125 0.16015625 0.26796875
3 0.1703125 0.3796875 0.0953125 0.09921875
3 0.38984375 0.346875 0.08203125 0.02890625
10 0.1546875 0.7625 0.0625 0.0859375
2 0.36953125 0.66796875 0.0484375 0.06796875
4 0.1734375 0.4609375 0.0359375 0.03125
3 0.9375 0.4125 0.01953125 0.02109375
11 0.934375 0.52421875 0.053125 0.18203125
2 0.184375 0.66640625 0.03671875 0.065625
8 0.3703125 0.39609375 0.0265625 0.03984375
2 0.9078125 0.51953125 0.0078125 0.01484375
7 0.64921875 0.47734375 0.01953125 0.015625
9 0.6609375 0.56875 0.04296875 0.1484375
2 0.959375 0.509375 0.00625 0.01484375
2 0.20703125 0.6546875 0.02109375 0.040625