11 0.79453125 0.5796875 0.16015625 0.33046875
11 0.60859375 0.74375 0.28046875 0.1703125
11 0.56640625 0.5265625 0.1625 0.2734375
3 0.75234375 0.39375 0.090625 0.11796875
3 0.54609375 0.36796875 0.0875 0.06796875
10 0.778125 0.77890625 0.06640625 0.07578125
2 0.565625 0.6859375 0.05 0.0703125
4 0.7546875 0.48046875 0.0328125 0.028125
3 0.02265625 0.5171875 0.01796875 0.02578125
11 0.025 0.6046875 0.025 0.12421875
13 0.009375 0.675 0.0171875 0.0296875
9 0.12734375 0.590625 0.0234375 0.125
2 0.7390625 0.71484375 0.03359375 0.053125
7 0.175 0.5125 0.0171875 0.01875
7 0.128125 0.50703125 0.0109375 0.01171875
8 0.5640625 0.41484375 0.0265625 0.03671875
2 0.03359375 0.553125 0.0109375 0.01484375
2 0.72734375 0.6609375 0.01953125 0.028125
9 0.178125 0.590625 0.01953125 0.1125
2 0.0359375 0.57578125 0.009375 0.021875
3 0.0328125 0.5078125 0.009375 0.0125
13 0.03671875 0.68046875 0.0171875 0.0234375