3 0.225 0.36953125 0.0890625 0.1125
3 0.40390625 0.3375 0.08125 0.03984375
2 0.24140625 0.6515625 0.03671875 0.06328125
10 0.184375 0.7375 0.06484375 0.07890625
2 0.396875 0.64140625 0.04921875 0.06015625
11 0.34296875 0.71015625 0.26171875 0.15
11 0.1734375 0.553125 0.146875 0.30546875
11 0.3890625 0.52109375 0.16328125 0.2828125
8 0.38984375 0.3859375 0.03515625 0.04140625
4 0.2234375 0.44765625 0.04296875 0.03671875
3 0.81015625 0.484375 0.02421875 0.03984375
2 0.76015625 0.51875 0.01953125 0.02578125
2 0.853125 0.50625 0.01640625 0.03046875
11 0.81015625 0.59765625 0.07890625 0.17421875
13 0.81484375 0.7015625 0.02578125 0.04296875
13 0.83515625 0.7109375 0.01640625 0.05234375
9 0.65390625 0.56328125 0.02890625 0.1203125
9 0.7078125 0.56171875 0.02265625 0.090625
9 0.72265625 0.54140625 0.015625 0.09921875
7 0.65390625 0.4875 0.0140625 0.01484375
7 0.70625 0.49453125 0.01484375 0.01953125
7 0.72265625 0.47890625 0.0125 0.01484375