11 0.1890625 0.553125 0.14609375 0.29765625
11 0.35703125 0.7 0.25234375 0.153125
11 0.39453125 0.5046875 0.14609375 0.24609375
3 0.21640625 0.3828125 0.08671875 0.1046875
3 0.4140625 0.3578125 0.0765625 0.0546875
10 0.20390625 0.734375 0.06171875 0.07578125
2 0.39765625 0.6484375 0.0453125 0.06328125
4 0.21640625 0.46015625 0.0359375 0.03125
3 0.75625 0.4421875 0.01875 0.02890625
11 0.75703125 0.5296875 0.02109375 0.12421875
9 0.5609375 0.5421875 0.05234375 0.15
2 0.2171875 0.68203125 0.02890625 0.071875
7 0.65 0.4484375 0.01796875 0.01875
7 0.5296875 0.4578125 0.01953125 0.01796875
8 0.39453125 0.40625 0.025 0.03671875
2 0.75703125 0.53125 0.009375 0.01953125
2 0.2453125 0.63828125 0.02109375 0.03984375
9 0.64921875 0.52890625 0.02265625 0.11796875
2 0.74921875 0.484375 0.009375 0.015625
3 0.6125 0.4390625 0.0140625 0.01640625
13 0.759375 0.60546875 0.01640625 0.03203125
11 0.61875 0.51171875 0.03125 0.10703125
2 0.5953125 0.4875 0.01015625 0.01171875
2 0.61953125 0.49765625 0.009375 0.01328125
9 0.84921875 0.4984375 0.01796875 0.0953125
7 0.846875 0.43671875 0.01015625 0.0125