11 0.18984375 0.553125 0.14921875 0.296875
11 0.35703125 0.7 0.25234375 0.153125
11 0.39375 0.50390625 0.14609375 0.24609375
3 0.21484375 0.3921875 0.090625 0.1265625
3 0.4140625 0.35390625 0.07578125 0.04609375
10 0.20390625 0.73046875 0.06171875 0.07578125
2 0.39921875 0.64296875 0.0453125 0.06328125
4 0.215625 0.47265625 0.03984375 0.02734375
3 0.90859375 0.465625 0.01640625 0.01875
11 0.90078125 0.55625 0.059375 0.13671875
2 0.23359375 0.7109375 0.03515625 0.040625
8 0.39609375 0.39765625 0.025 0.03671875
2 0.86484375 0.503125 0.00859375 0.01640625
7 0.75703125 0.48359375 0.01796875 0.01484375
9 0.76640625 0.578125 0.0375 0.14140625
2 0.2515625 0.62890625 0.028125 0.02890625