11 0.8171875 0.56484375 0.15390625 0.30625
11 0.64453125 0.71640625 0.26015625 0.1578125
11 0.60703125 0.5140625 0.1515625 0.25390625
3 0.79140625 0.3984375 0.09296875 0.13046875
3 0.5859375 0.359375 0.078125 0.04765625
10 0.80234375 0.74765625 0.0640625 0.078125
2 0.60078125 0.6578125 0.046875 0.06484375
4 0.790625 0.48203125 0.04140625 0.028125
3 0.075 0.475 0.01640625 0.01953125
11 0.0828125 0.56796875 0.06171875 0.14140625
2 0.771875 0.72734375 0.0359375 0.04140625
8 0.60390625 0.4046875 0.02578125 0.03828125
2 0.1203125 0.51328125 0.009375 0.0171875
7 0.23125 0.49296875 0.01875 0.01484375
9 0.22109375 0.590625 0.03828125 0.14609375
2 0.753125 0.64296875 0.02890625 0.03046875