3 0.5515625 0.8375 0.02265625 0.040625
3 0.52421875 0.85546875 0.02265625 0.0328125
3 0.53515625 0.434375 0.01796875 0.0234375
3 0.3859375 0.340625 0.01796875 0.028125
13 0.3859375 0.44921875 0.0125 0.02421875
13 0.4 0.4484375 0.01015625 0.02578125
11 0.55703125 0.909375 0.03359375 0.12265625
6 0.48125 0.8671875 0.015625 0.02265625
13 0.5625 0.96328125 0.009375 0.0296875
13 0.55 0.984375 0.021875 0.03125
9 0.53671875 0.50078125 0.01875 0.10390625
9 0.3921875 0.39609375 0.025 0.09296875
9 0.5171875 0.93515625 0.06640625 0.12890625