11 0.84296875 0.56953125 0.1609375 0.328125
11 0.6578125 0.73046875 0.2765625 0.16875
11 0.61796875 0.51484375 0.1609375 0.27109375
3 0.8125 0.38125 0.0953125 0.115625
3 0.59453125 0.3546875 0.084375 0.06015625
10 0.8265625 0.765625 0.06796875 0.0828125
2 0.61328125 0.66953125 0.04921875 0.06953125
4 0.81015625 0.465625 0.0390625 0.034375
3 0.271875 0.428125 0.01875 0.02421875
11 0.26484375 0.51328125 0.02109375 0.1296875
2 0.81015625 0.70859375 0.028125 0.059375
7 0.08515625 0.4265625 0.021875 0.02109375
8 0.615625 0.40546875 0.02734375 0.040625
9 0.29140625 0.55078125 0.04609375 0.17578125
9 0.0875 0.52890625 0.02734375 0.15078125
2 0.2578125 0.52421875 0.00625 0.01796875
7 0.31171875 0.43828125 0.02109375 0.01875
9 0.178125 0.4890625 0.0140625 0.071875
2 0.7765625 0.65625 0.025 0.04453125