11 0.834375 0.55703125 0.1546875 0.3078125
11 0.66015625 0.70859375 0.26171875 0.15859375
11 0.62109375 0.50546875 0.1515625 0.25546875
3 0.80859375 0.38984375 0.09375 0.13125
3 0.6015625 0.35 0.07890625 0.04765625
10 0.81875 0.740625 0.0640625 0.078125
2 0.61640625 0.65 0.046875 0.065625
4 0.80703125 0.478125 0.04140625 0.028125
3 0.0875 0.46328125 0.0171875 0.01953125
11 0.0953125 0.56015625 0.06328125 0.15078125
2 0.7875 0.71328125 0.0359375 0.0421875
8 0.61796875 0.3984375 0.02578125 0.03828125
2 0.1328125 0.503125 0.009375 0.0171875
7 0.2453125 0.484375 0.01875 0.01484375
9 0.23515625 0.578125 0.03828125 0.146875
2 0.77109375 0.634375 0.02890625 0.03046875