11 0.18203125 0.59140625 0.16015625 0.31953125
11 0.36171875 0.74921875 0.27109375 0.16484375
11 0.40078125 0.53828125 0.15703125 0.26484375
3 0.20859375 0.41875 0.096875 0.1359375
3 0.42265625 0.37734375 0.08125 0.04921875
10 0.19765625 0.78203125 0.06640625 0.08125
2 0.40703125 0.68828125 0.0484375 0.06796875
4 0.209375 0.5046875 0.04296875 0.02890625
3 0.95390625 0.49765625 0.0171875 0.0203125
11 0.9453125 0.59453125 0.0640625 0.14765625
2 0.22890625 0.7609375 0.0375 0.04375
8 0.40390625 0.425 0.0265625 0.03984375
2 0.90703125 0.5375 0.009375 0.01796875
7 0.79140625 0.51640625 0.01953125 0.015625
9 0.8015625 0.61875 0.03984375 0.1515625
2 0.24765625 0.6734375 0.03046875 0.03125