11 0.8140625 0.553125 0.14765625 0.29921875
11 0.6453125 0.70078125 0.25390625 0.15390625
11 0.6078125 0.5046875 0.14765625 0.24765625
3 0.78671875 0.38203125 0.08671875 0.10546875
3 0.5875 0.35703125 0.07734375 0.0546875
10 0.79921875 0.7359375 0.0625 0.07578125
2 0.6046875 0.64453125 0.0453125 0.06328125
4 0.78515625 0.46015625 0.0359375 0.03125
3 0.14765625 0.5015625 0.01953125 0.03046875
11 0.14765625 0.58984375 0.0265625 0.12890625
9 0.36484375 0.59140625 0.040625 0.1171875
2 0.784375 0.67734375 0.01875 0.0515625
7 0.26015625 0.51015625 0.01640625 0.01875
8 0.60625 0.40625 0.025 0.03671875
2 0.14609375 0.596875 0.0109375 0.025
9 0.30390625 0.5609375 0.01640625 0.0640625
3 0.33671875 0.5046875 0.0140625 0.01640625
9 0.26171875 0.58671875 0.02265625 0.11875
2 0.15625 0.54453125 0.01015625 0.0171875
11 0.328125 0.58203125 0.034375 0.1125
7 0.30625 0.515625 0.01015625 0.0125
7 0.3890625 0.52265625 0.01875 0.01953125