3 0.55234375 0.78125 0.01953125 0.03671875
3 0.5296875 0.80078125 0.02109375 0.03515625
3 0.54296875 0.415625 0.0171875 0.02265625
13 0.38203125 0.4515625 0.01171875 0.01953125
13 0.40625 0.446875 0.01015625 0.01484375
11 0.56015625 0.8515625 0.03046875 0.11796875
6 0.48515625 0.81328125 0.0109375 0.0171875
13 0.56484375 0.909375 0.01171875 0.034375
13 0.55 0.92890625 0.0203125 0.0375
9 0.5453125 0.48203125 0.02578125 0.08828125
9 0.390625 0.40078125 0.021875 0.084375
9 0.5203125 0.89296875 0.0625 0.146875