11 0.1765625 0.55859375 0.15390625 0.3125
11 0.353125 0.7125 0.26484375 0.1609375
11 0.39140625 0.50703125 0.15390625 0.25859375
3 0.2015625 0.378125 0.090625 0.11015625
3 0.41328125 0.35390625 0.08046875 0.05703125
10 0.19296875 0.7453125 0.06484375 0.07890625
2 0.3953125 0.65859375 0.04765625 0.06640625
4 0.20390625 0.4515625 0.0375 0.0328125
3 0.7984375 0.4375 0.0171875 0.0203125
11 0.80546875 0.5234375 0.04921875 0.13203125
2 0.225 0.64921875 0.0390625 0.06328125
7 0.9171875 0.4390625 0.0109375 0.01328125
8 0.3921875 0.41015625 0.02578125 0.03828125
9 0.91953125 0.4875 0.0203125 0.071875
2 0.7765625 0.509375 0.0078125 0.0140625
7 0.7421875 0.4390625 0.0171875 0.01328125
9 0.75703125 0.55078125 0.03359375 0.1703125
2 0.24140625 0.6375 0.02578125 0.0640625