11 0.32734375 0.696875 0.26484375 0.15234375
11 0.3734375 0.50546875 0.16484375 0.28671875
11 0.15390625 0.5453125 0.15234375 0.30390625
3 0.20859375 0.3515625 0.08984375 0.1140625
3 0.38828125 0.31953125 0.08203125 0.040625
10 0.1671875 0.72421875 0.065625 0.0796875
2 0.38203125 0.6046875 0.05 0.06796875
8 0.37265625 0.36875 0.03515625 0.04140625
4 0.20625 0.43125 0.04375 0.03671875
3 0.8453125 0.46015625 0.0296875 0.04453125
2 0.79140625 0.496875 0.01875 0.02890625
11 0.840625 0.58828125 0.078125 0.1890625
13 0.8625 0.70703125 0.015625 0.04765625
13 0.84921875 0.71171875 0.0171875 0.01796875
9 0.6625 0.52890625 0.02734375 0.11171875
9 0.7109375 0.53359375 0.028125 0.1
9 0.73984375 0.51796875 0.01796875 0.10078125
2 0.234375 0.596875 0.0421875 0.05546875
2 0.22421875 0.63671875 0.0421875 0.05546875
2 0.84375 0.5140625 0.01875 0.02890625
7 0.66015625 0.46015625 0.01328125 0.01328125
7 0.709375 0.4671875 0.01796875 0.01484375
7 0.740625 0.45546875 0.01015625 0.0109375