11 0.18828125 0.54453125 0.15546875 0.31640625
11 0.3671875 0.70078125 0.26796875 0.1625
11 0.40625 0.4921875 0.15546875 0.26171875
3 0.2140625 0.36171875 0.0921875 0.1109375
3 0.42734375 0.340625 0.08046875 0.06328125
10 0.20546875 0.7328125 0.065625 0.08046875
2 0.40859375 0.646875 0.04765625 0.0671875
4 0.215625 0.4421875 0.0375 0.0328125
3 0.896875 0.39453125 0.0171875 0.0203125
11 0.9 0.4890625 0.0609375 0.14140625
2 0.23828125 0.665625 0.0328125 0.0578125
8 0.40703125 0.39453125 0.0265625 0.0390625
2 0.9171875 0.48984375 0.01171875 0.01796875
7 0.81171875 0.40625 0.01953125 0.015625
9 0.82421875 0.51484375 0.0359375 0.165625
2 0.25078125 0.64140625 0.02421875 0.05234375
2 0.890625 0.4796875 0.0109375 0.01640625
11 0.9234375 0.43203125 0.0140625 0.04375