11 0.80859375 0.58671875 0.15625 0.32421875
11 0.62734375 0.74765625 0.2734375 0.16640625
11 0.5859375 0.53515625 0.15859375 0.26796875
3 0.784375 0.3953125 0.09375 0.1
3 0.5640625 0.3796875 0.08515625 0.0671875
10 0.79296875 0.78046875 0.0671875 0.08203125
2 0.58515625 0.6953125 0.04921875 0.06875
4 0.7828125 0.475 0.03828125 0.03359375
3 0.14765625 0.48984375 0.01796875 0.025
11 0.14375 0.5734375 0.0359375 0.128125
9 0.26015625 0.57109375 0.01875 0.11796875
2 0.7703125 0.70859375 0.03515625 0.05546875
7 0.3203125 0.4875 0.0171875 0.01796875
7 0.2578125 0.4921875 0.015625 0.01328125
8 0.5859375 0.42890625 0.02734375 0.03984375
2 0.128125 0.578125 0.01015625 0.02109375
2 0.746875 0.68671875 0.02265625 0.04375
9 0.3078125 0.57734375 0.025 0.14765625
2 0.15078125 0.5296875 0.01015625 0.01640625
3 0.2296875 0.48125 0.0140625 0.0140625
13 0.15 0.65390625 0.01640625 0.03203125
11 0.228125 0.55390625 0.02421875 0.10546875
2 0.2453125 0.54296875 0.00546875 0.015625
2 0.2234375 0.54375 0.00703125 0.01328125