11 0.1953125 0.5875 0.15625 0.31796875
11 0.37421875 0.74453125 0.26875 0.16328125
11 0.4140625 0.5359375 0.15625 0.26328125
3 0.22421875 0.40546875 0.0921875 0.11171875
3 0.43515625 0.3796875 0.08203125 0.0578125
10 0.2109375 0.78125 0.065625 0.08046875
2 0.4171875 0.6890625 0.0484375 0.0671875
4 0.22421875 0.4890625 0.03828125 0.03359375
3 0.8 0.46953125 0.01953125 0.03046875
11 0.80078125 0.5625 0.02265625 0.1328125
9 0.5921875 0.5765625 0.05546875 0.16015625
2 0.225 0.72578125 0.03046875 0.07734375
7 0.68671875 0.47578125 0.01953125 0.0203125
7 0.55859375 0.4859375 0.02109375 0.01875
8 0.41484375 0.43046875 0.0265625 0.0390625
2 0.80078125 0.56484375 0.009375 0.02109375
2 0.25546875 0.67890625 0.021875 0.04296875
9 0.6859375 0.5625 0.02421875 0.12578125
2 0.79296875 0.5140625 0.01015625 0.01640625
3 0.646875 0.465625 0.01484375 0.0171875
13 0.803125 0.64375 0.01796875 0.034375
11 0.653125 0.54375 0.0328125 0.11484375
2 0.62890625 0.5171875 0.0109375 0.01171875
2 0.6546875 0.52890625 0.01015625 0.0140625
9 0.8984375 0.52890625 0.01953125 0.1015625
7 0.896875 0.46328125 0.0109375 0.01328125