11 0.35625 0.7046875 0.25078125 0.14375
11 0.39921875 0.51171875 0.16015625 0.25390625
11 0.190625 0.5609375 0.14453125 0.28828125
3 0.228125 0.371875 0.0875 0.0828125
3 0.41484375 0.36328125 0.078125 0.0703125
10 0.203125 0.73046875 0.06171875 0.07578125
2 0.4046875 0.44296875 0.05390625 0.09140625
4 0.228125 0.44765625 0.04140625 0.03515625
3 0.8046875 0.49140625 0.028125 0.0421875
2 0.83125 0.59921875 0.015625 0.0296875
11 0.80234375 0.615625 0.053125 0.17890625
13 0.83671875 0.71484375 0.02421875 0.05546875
13 0.79375 0.72734375 0.0296875 0.040625
9 0.615625 0.5640625 0.02890625 0.1140625
9 0.66015625 0.56796875 0.0265625 0.10390625
9 0.70859375 0.54453125 0.02109375 0.0890625
2 0.26796875 0.6109375 0.03203125 0.059375
2 0.25390625 0.659375 0.0375 0.0453125
2 0.76953125 0.5671875 0.01796875 0.02734375
7 0.6125 0.49375 0.0125 0.0125
7 0.6578125 0.49609375 0.0171875 0.0140625
7 0.70546875 0.4859375 0.01015625 0.0109375