3 0.57578125 0.83359375 0.021875 0.03984375
3 0.55 0.85234375 0.021875 0.03203125
3 0.56171875 0.44453125 0.0171875 0.0234375
3 0.41171875 0.359375 0.01796875 0.028125
13 0.4125 0.465625 0.01171875 0.0234375
13 0.42578125 0.4671875 0.01015625 0.021875
11 0.5828125 0.90546875 0.03515625 0.11796875
6 0.50625 0.86484375 0.01484375 0.02265625
13 0.5875 0.96015625 0.009375 0.02890625
13 0.57421875 0.98046875 0.0203125 0.0390625
9 0.5625 0.51328125 0.02421875 0.09921875
9 0.41796875 0.41328125 0.02265625 0.0875
9 0.54296875 0.93359375 0.0640625 0.1328125