3 0.4390625 0.84375 0.02109375 0.0375
3 0.46484375 0.8609375 0.02109375 0.03046875
3 0.4546875 0.47109375 0.01640625 0.021875
3 0.59296875 0.38515625 0.0171875 0.0265625
13 0.59375 0.48515625 0.01171875 0.021875
13 0.58046875 0.484375 0.009375 0.02421875
11 0.434375 0.9109375 0.03125 0.11328125
6 0.5046875 0.871875 0.0140625 0.02109375
13 0.4296875 0.96015625 0.00859375 0.02734375
13 0.44140625 0.98125 0.0203125 0.03046875
9 0.453125 0.5328125 0.0171875 0.09609375
9 0.5875 0.4359375 0.0234375 0.0859375
9 0.47109375 0.9375 0.0609375 0.125