11 0.18984375 0.56015625 0.15625 0.31015625
11 0.36484375 0.7078125 0.26328125 0.1703125
11 0.40390625 0.50859375 0.153125 0.25703125
3 0.22109375 0.3859375 0.09140625 0.1203125
3 0.428125 0.3515625 0.07890625 0.04765625
10 0.20390625 0.7453125 0.06484375 0.07890625
2 0.4078125 0.653125 0.046875 0.065625
4 0.2203125 0.4671875 0.0359375 0.0296875
3 0.940625 0.43046875 0.0171875 0.0203125
11 0.93359375 0.5359375 0.07109375 0.1671875
2 0.2296875 0.703125 0.0203125 0.04140625
8 0.40703125 0.40078125 0.02578125 0.03828125
2 0.89296875 0.47421875 0.01171875 0.0171875
7 0.734375 0.46484375 0.01875 0.015625
9 0.74375 0.559375 0.03671875 0.14296875
2 0.97109375 0.52890625 0.009375 0.0265625