11 0.34765625 0.69609375 0.28203125 0.171875
11 0.3921875 0.47578125 0.165625 0.2765625
11 0.1625 0.53125 0.1625 0.33359375
3 0.1921875 0.3296875 0.10390625 0.08984375
3 0.41640625 0.315625 0.0875 0.06875
10 0.178125 0.7265625 0.0671875 0.0765625
2 0.39375 0.6375 0.05078125 0.07109375
4 0.19453125 0.40546875 0.03828125 0.034375
3 0.9453125 0.446875 0.02421875 0.02734375
11 0.9421875 0.5375 0.02734375 0.13359375
13 0.9328125 0.6171875 0.01796875 0.028125
9 0.73828125 0.50625 0.0171875 0.10234375
2 0.21796875 0.62734375 0.0375 0.059375
7 0.71796875 0.44921875 0.0171875 0.01875
7 0.86015625 0.45 0.0109375 0.01171875
8 0.39375 0.36640625 0.0296875 0.04453125
2 0.93515625 0.496875 0.00703125 0.02578125
13 0.95859375 0.6234375 0.01953125 0.0421875
9 0.8609375 0.51015625 0.01875 0.090625
3 0.99609375 0.4671875 0.0078125 0.015625
2 0.23203125 0.59453125 0.028125 0.03125
7 0.734375 0.4453125 0.0171875 0.01875
9 0.71953125 0.52421875 0.02265625 0.11171875
11 0.99609375 0.50703125 0.0078125 0.0609375