11 0.81484375 0.5875 0.1640625 0.32734375
11 0.63125 0.74921875 0.2765625 0.16875
11 0.59140625 0.53359375 0.1609375 0.27109375
3 0.7875 0.4046875 0.1 0.12890625
3 0.56875 0.37578125 0.08359375 0.065625
10 0.79921875 0.7828125 0.06796875 0.0828125
2 0.58828125 0.69375 0.04921875 0.06953125
4 0.7875 0.48125 0.0390625 0.034375
3 0.09375 0.44375 0.01796875 0.02109375
11 0.09296875 0.54375 0.05546875 0.1390625
2 0.75859375 0.74453125 0.04140625 0.05390625
8 0.58984375 0.428125 0.02734375 0.040625
2 0.078125 0.546875 0.00703125 0.01796875
7 0.21171875 0.45859375 0.0203125 0.01640625
9 0.2046875 0.5625 0.034375 0.1609375
2 0.75625 0.68203125 0.0203125 0.0328125
2 0.128125 0.50234375 0.0109375 0.01640625
11 0.01640625 0.4875 0.0171875 0.0421875