3 0.43828125 0.77890625 0.01875 0.0359375
3 0.4609375 0.7984375 0.02109375 0.034375
3 0.44765625 0.42109375 0.01640625 0.021875
13 0.60546875 0.45625 0.01171875 0.01953125
13 0.58125 0.45234375 0.009375 0.01484375
11 0.43125 0.8484375 0.0296875 0.115625
6 0.5046875 0.81015625 0.0109375 0.01640625
13 0.4265625 0.9046875 0.01171875 0.03359375
13 0.440625 0.9234375 0.01953125 0.03671875
9 0.4453125 0.48671875 0.02578125 0.0859375
9 0.596875 0.4078125 0.02109375 0.0828125
9 0.46953125 0.88828125 0.06171875 0.14375