11 0.6546875 0.715625 0.2578125 0.15703125
11 0.6140625 0.5203125 0.15234375 0.26328125
11 0.82265625 0.565625 0.14921875 0.3046875
3 0.7875 0.3859375 0.08984375 0.09921875
3 0.58984375 0.3703125 0.08046875 0.06796875
10 0.809375 0.7453125 0.06328125 0.07734375
2 0.6109375 0.65859375 0.04609375 0.06484375
4 0.7859375 0.4703125 0.0359375 0.03515625
3 0.209375 0.4875 0.02265625 0.034375
11 0.2140625 0.5796875 0.0484375 0.1328125
13 0.209375 0.65 0.01640625 0.01640625
9 0.415625 0.55703125 0.025 0.11171875
9 0.2546875 0.54453125 0.01796875 0.08984375
2 0.76171875 0.70625 0.0359375 0.05546875
7 0.42109375 0.48359375 0.01875 0.0171875
7 0.25625 0.484375 0.01015625 0.0109375
8 0.609375 0.41796875 0.02734375 0.040625
2 0.24453125 0.56640625 0.00703125 0.0234375
2 0.7546875 0.640625 0.025 0.0203125
2 0.18828125 0.58984375 0.00703125 0.0234375
11 0.18046875 0.53125 0.01640625 0.059375
3 0.2171875 0.49375 0.0078125 0.0109375