11 0.19140625 0.55234375 0.14453125 0.29765625
11 0.35703125 0.7 0.25234375 0.153125
11 0.39453125 0.5046875 0.14609375 0.24609375
3 0.22734375 0.38203125 0.08515625 0.09921875
3 0.41328125 0.35859375 0.078125 0.06171875
10 0.20234375 0.72578125 0.06015625 0.06796875
2 0.3984375 0.646875 0.0453125 0.06328125
4 0.21953125 0.440625 0.03359375 0.03046875
3 0.90390625 0.5 0.0203125 0.025
11 0.9 0.58125 0.02421875 0.11953125
13 0.90234375 0.6484375 0.0140625 0.015625
9 0.73671875 0.54453125 0.0171875 0.078125
2 0.24296875 0.684375 0.03359375 0.053125
7 0.71953125 0.496875 0.015625 0.01640625
7 0.82578125 0.49453125 0.01015625 0.0109375
8 0.39609375 0.40625 0.0265625 0.03984375
2 0.88203125 0.56328125 0.0125 0.0203125
9 0.82578125 0.55703125 0.02265625 0.0921875
2 0.2484375 0.64453125 0.025 0.02734375
7 0.73359375 0.49296875 0.01015625 0.0125
9 0.7171875 0.565625 0.01875 0.103125
2 0.89296875 0.534375 0.00625 0.01484375