3 0.4390625 0.8203125 0.02109375 0.0375
3 0.4640625 0.8375 0.02109375 0.03046875
3 0.45234375 0.4515625 0.01640625 0.021875
3 0.59453125 0.3703125 0.0171875 0.0265625
13 0.59375 0.471875 0.01171875 0.021875
13 0.58125 0.4734375 0.009375 0.0203125
11 0.4328125 0.88828125 0.03359375 0.11171875
6 0.5046875 0.84921875 0.0140625 0.02109375
13 0.428125 0.93984375 0.00859375 0.02734375
13 0.4421875 0.9609375 0.01875 0.03515625
9 0.4515625 0.5171875 0.02265625 0.09375
9 0.58828125 0.42265625 0.02109375 0.0828125
9 0.47109375 0.92578125 0.06015625 0.1453125