11 0.1890625 0.553125 0.14609375 0.29765625
11 0.35703125 0.7 0.25234375 0.153125
11 0.39453125 0.5046875 0.14609375 0.24609375
3 0.21640625 0.3828125 0.08671875 0.1046875
3 0.4140625 0.3578125 0.0765625 0.0546875
10 0.20390625 0.734375 0.06171875 0.07578125
2 0.39765625 0.64375 0.0453125 0.06328125
4 0.21796875 0.46015625 0.0359375 0.03125
3 0.8515625 0.5015625 0.01953125 0.03046875
11 0.8515625 0.5890625 0.0265625 0.12890625
9 0.6359375 0.590625 0.040625 0.11640625
2 0.21875 0.6765625 0.01875 0.0515625
7 0.73984375 0.51015625 0.01640625 0.01875
8 0.39609375 0.40625 0.025 0.03671875
2 0.853125 0.59609375 0.0109375 0.025
9 0.696875 0.5609375 0.01640625 0.06328125
3 0.6640625 0.5046875 0.0140625 0.01640625
9 0.73828125 0.5859375 0.02265625 0.11796875
2 0.84375 0.54375 0.01015625 0.0171875
11 0.67265625 0.58203125 0.034375 0.1125
7 0.69453125 0.51484375 0.01015625 0.01171875
7 0.61171875 0.52265625 0.01796875 0.01953125