11 0.35703125 0.7 0.25234375 0.153125
11 0.396875 0.50859375 0.14921875 0.25703125
11 0.1921875 0.553125 0.14609375 0.29765625
3 0.2265625 0.37734375 0.08828125 0.096875
3 0.4203125 0.36171875 0.07890625 0.06640625
10 0.20625 0.72890625 0.06171875 0.07578125
2 0.4 0.64375 0.0453125 0.06328125
4 0.22890625 0.459375 0.03515625 0.034375
3 0.79296875 0.4765625 0.021875 0.03359375
11 0.78828125 0.56640625 0.046875 0.1296875
13 0.79296875 0.6359375 0.015625 0.015625
9 0.59140625 0.54453125 0.02421875 0.109375
9 0.7484375 0.5328125 0.0171875 0.0875
2 0.25234375 0.690625 0.03515625 0.0546875
7 0.5859375 0.4734375 0.01796875 0.01640625
7 0.74765625 0.47421875 0.01015625 0.0109375
8 0.4015625 0.40859375 0.0265625 0.03984375
2 0.759375 0.55390625 0.00625 0.02265625
2 0.259375 0.6265625 0.025 0.0203125
2 0.8140625 0.5765625 0.00625 0.02265625
11 0.821875 0.51953125 0.015625 0.0578125
3 0.7859375 0.4828125 0.0078125 0.0109375