3 0.55703125 0.8265625 0.02109375 0.03828125
3 0.53203125 0.84453125 0.02109375 0.03046875
3 0.54375 0.45390625 0.01640625 0.021875
3 0.39921875 0.371875 0.0171875 0.0265625
13 0.4 0.47421875 0.01171875 0.02265625
13 0.41328125 0.47578125 0.009375 0.02109375
11 0.56328125 0.8953125 0.03359375 0.1125
6 0.490625 0.85625 0.0140625 0.021875
13 0.56796875 0.94765625 0.00859375 0.028125
13 0.55390625 0.96875 0.01875 0.0359375
9 0.54453125 0.5203125 0.02265625 0.0953125
9 0.40546875 0.42421875 0.021875 0.084375
9 0.525 0.9296875 0.06171875 0.140625