3 0.4171875 0.84609375 0.021875 0.03984375
3 0.4421875 0.86328125 0.021875 0.03203125
3 0.4328125 0.4546875 0.0171875 0.0234375
3 0.5796875 0.36640625 0.01796875 0.028125
13 0.58046875 0.4734375 0.01171875 0.0234375
13 0.56640625 0.471875 0.01015625 0.025
11 0.41171875 0.9171875 0.0328125 0.11640625
6 0.4859375 0.87890625 0.01484375 0.02265625
13 0.40546875 0.971875 0.009375 0.02890625
13 0.41953125 0.9875 0.02109375 0.025
9 0.45078125 0.93984375 0.06484375 0.1203125
9 0.43046875 0.521875 0.0203125 0.09453125
9 0.57578125 0.421875 0.02734375 0.0859375