11 0.18828125 0.553125 0.14609375 0.29765625
11 0.35703125 0.7 0.25234375 0.153125
11 0.39375 0.50390625 0.14609375 0.24609375
3 0.215625 0.3828125 0.08671875 0.1046875
3 0.4140625 0.3578125 0.0765625 0.0546875
10 0.203125 0.73125 0.06171875 0.07578125
2 0.39765625 0.64375 0.0453125 0.06328125
4 0.21796875 0.459375 0.0359375 0.03125
3 0.70859375 0.425 0.0171875 0.021875
11 0.71484375 0.50234375 0.01875 0.11796875
2 0.21796875 0.6796875 0.02578125 0.05390625
7 0.87890625 0.4234375 0.01953125 0.01875
8 0.3953125 0.4046875 0.025 0.03671875
9 0.690625 0.53671875 0.0421875 0.159375
9 0.8765625 0.51640625 0.025 0.1375
2 0.72109375 0.5125 0.00625 0.01640625
7 0.67265625 0.43359375 0.01953125 0.0171875
9 0.79375 0.4796875 0.0125 0.065625
2 0.24921875 0.63203125 0.02265625 0.040625