11 0.190625 0.5546875 0.1515625 0.3109375
11 0.3625 0.70859375 0.26328125 0.16015625
11 0.40234375 0.5046875 0.153125 0.25703125
3 0.228125 0.3765625 0.0890625 0.10390625
3 0.421875 0.35234375 0.08203125 0.0640625
10 0.2015625 0.7359375 0.0625 0.07109375
2 0.40625 0.653125 0.046875 0.065625
4 0.21953125 0.43828125 0.03515625 0.03203125
3 0.93359375 0.5 0.02109375 0.02578125
11 0.9296875 0.58515625 0.02578125 0.12421875
13 0.93203125 0.6546875 0.01484375 0.01640625
9 0.759375 0.54609375 0.0171875 0.08125
2 0.24375 0.69296875 0.034375 0.05546875
7 0.74140625 0.496875 0.01640625 0.0171875
7 0.85234375 0.49453125 0.01015625 0.0109375
8 0.403125 0.40234375 0.02734375 0.04140625
2 0.9109375 0.565625 0.01328125 0.021875
9 0.85234375 0.559375 0.0234375 0.09609375
2 0.24921875 0.65078125 0.02578125 0.02890625
7 0.75625 0.4921875 0.0109375 0.01328125
9 0.7390625 0.56796875 0.01953125 0.1078125
2 0.92265625 0.5359375 0.00625 0.01484375