11 0.18984375 0.553125 0.14921875 0.296875
11 0.35703125 0.7 0.25234375 0.153125
11 0.39375 0.50390625 0.14609375 0.24609375
3 0.21484375 0.3875 0.090625 0.1171875
3 0.4140625 0.3609375 0.07578125 0.059375
10 0.20390625 0.73046875 0.06171875 0.07578125
2 0.39609375 0.64921875 0.0453125 0.06328125
4 0.2140625 0.45703125 0.0359375 0.03125
3 0.846875 0.42265625 0.01640625 0.01875
11 0.84765625 0.51328125 0.05078125 0.12578125
2 0.24140625 0.6953125 0.0375 0.0484375
8 0.39453125 0.40859375 0.025 0.03671875
2 0.8609375 0.51640625 0.00625 0.01640625
7 0.7390625 0.4359375 0.01796875 0.01484375
9 0.74609375 0.53046875 0.03125 0.14609375
2 0.24296875 0.6390625 0.01875 0.0296875
2 0.815625 0.47578125 0.01015625 0.01484375
11 0.9171875 0.4625 0.015625 0.03828125