11 0.8765625 0.5734375 0.16328125 0.325
11 0.69453125 0.73046875 0.27578125 0.178125
11 0.6515625 0.5203125 0.16171875 0.27109375
3 0.84921875 0.378125 0.09609375 0.1
3 0.6265625 0.34453125 0.0828125 0.0296875
10 0.86484375 0.765625 0.06328125 0.08671875
2 0.646875 0.6703125 0.04921875 0.06875
4 0.84609375 0.4609375 0.03671875 0.03125
3 0.07265625 0.41171875 0.01953125 0.02109375
11 0.07578125 0.52421875 0.05390625 0.18359375
2 0.834375 0.66875 0.0375 0.0671875
8 0.646875 0.39453125 0.02734375 0.040625
2 0.10234375 0.51953125 0.0078125 0.01484375
7 0.3640625 0.47734375 0.0203125 0.015625
9 0.35234375 0.56953125 0.04375 0.15
2 0.05078125 0.509375 0.00625 0.01484375
2 0.81171875 0.65703125 0.021875 0.04140625