11 0.18984375 0.553125 0.14921875 0.296875
11 0.35703125 0.69453125 0.25234375 0.16328125
11 0.3953125 0.50390625 0.14609375 0.24609375
3 0.21953125 0.38671875 0.0875 0.115625
3 0.41796875 0.35390625 0.07578125 0.04609375
10 0.203125 0.73046875 0.06171875 0.07578125
2 0.3984375 0.64296875 0.0453125 0.06328125
4 0.21875 0.4640625 0.034375 0.02890625
3 0.909375 0.42890625 0.01640625 0.01875
11 0.90234375 0.53046875 0.06796875 0.16015625
2 0.228125 0.690625 0.01953125 0.03984375
8 0.39765625 0.40078125 0.025 0.03671875
2 0.86328125 0.47109375 0.0109375 0.01640625
7 0.7109375 0.46171875 0.01796875 0.01484375
9 0.7203125 0.55234375 0.03515625 0.1375
2 0.9375 0.5234375 0.00859375 0.025