3 0.24375 0.37734375 0.08515625 0.1078125
3 0.41484375 0.34765625 0.078125 0.03828125
2 0.259375 0.64765625 0.03515625 0.06015625
10 0.2046875 0.73046875 0.06171875 0.07578125
2 0.4078125 0.63828125 0.04765625 0.0578125
11 0.35625 0.7046875 0.25078125 0.14375
11 0.19375 0.55390625 0.140625 0.29296875
11 0.40078125 0.5234375 0.15625 0.27109375
8 0.4015625 0.39375 0.03359375 0.0390625
4 0.2421875 0.453125 0.04140625 0.03515625
3 0.80390625 0.48828125 0.0234375 0.03828125
2 0.75625 0.52109375 0.01875 0.025
2 0.8453125 0.50859375 0.015625 0.0296875
11 0.80390625 0.59609375 0.07578125 0.1671875
13 0.80859375 0.69609375 0.02421875 0.04140625
13 0.828125 0.7046875 0.015625 0.05
9 0.6546875 0.56328125 0.02734375 0.115625
9 0.70625 0.5625 0.021875 0.08671875
9 0.7203125 0.54296875 0.015625 0.0953125
7 0.65390625 0.490625 0.01328125 0.0140625
7 0.7046875 0.49765625 0.0140625 0.01875
7 0.7203125 0.4828125 0.01171875 0.0140625