11 0.18828125 0.553125 0.14609375 0.29765625
11 0.35703125 0.7 0.25234375 0.153125
11 0.39375 0.50390625 0.14609375 0.24609375
3 0.2125 0.38125 0.08671875 0.1046875
3 0.4140625 0.3609375 0.07578125 0.059375
10 0.20390625 0.73046875 0.06171875 0.07578125
2 0.39609375 0.64921875 0.0453125 0.06328125
4 0.2140625 0.45703125 0.0359375 0.03125
3 0.85546875 0.4125 0.01640625 0.01875
11 0.859375 0.50078125 0.05703125 0.13359375
2 0.23515625 0.6671875 0.03046875 0.05390625
8 0.39453125 0.41171875 0.025 0.03671875
2 0.875 0.5015625 0.0109375 0.0171875
7 0.77578125 0.42265625 0.01796875 0.01484375
9 0.7875 0.525 0.03359375 0.15546875
2 0.24765625 0.64375 0.02265625 0.04921875
2 0.85 0.49140625 0.01015625 0.01484375
11 0.88125 0.44765625 0.01328125 0.040625