11 0.35703125 0.7 0.25234375 0.153125
11 0.39609375 0.503125 0.14765625 0.24609375
11 0.19140625 0.553125 0.14453125 0.29765625
3 0.21796875 0.37265625 0.09296875 0.0796875
3 0.41875 0.3609375 0.078125 0.06171875
10 0.20546875 0.7265625 0.06015625 0.06796875
2 0.3984375 0.64765625 0.0453125 0.06328125
4 0.21953125 0.440625 0.03359375 0.03046875
3 0.89140625 0.47734375 0.021875 0.025
11 0.88828125 0.55859375 0.02421875 0.11953125
13 0.8796875 0.6296875 0.01640625 0.025
9 0.70625 0.53046875 0.015625 0.09140625
2 0.240625 0.6390625 0.03359375 0.053125
7 0.68828125 0.4796875 0.015625 0.01640625
7 0.81484375 0.48046875 0.01015625 0.0109375
8 0.3984375 0.40625 0.0265625 0.03984375
2 0.88125 0.521875 0.00625 0.02265625
13 0.903125 0.63515625 0.0171875 0.0375
9 0.815625 0.53359375 0.0171875 0.08046875
3 0.9375 0.496875 0.009375 0.0140625
2 0.253125 0.609375 0.025 0.02734375
7 0.70234375 0.4765625 0.015625 0.01640625
9 0.6890625 0.546875 0.0203125 0.09921875
11 0.94296875 0.53125 0.01875 0.05390625