11 0.65625 0.7359375 0.26484375 0.15234375
11 0.6109375 0.5328125 0.16875 0.26796875
11 0.83125 0.584375 0.15234375 0.30390625
3 0.79140625 0.38515625 0.0921875 0.0875
3 0.59453125 0.3765625 0.08203125 0.07421875
10 0.81796875 0.76328125 0.065625 0.0796875
2 0.60546875 0.46015625 0.05625 0.09609375
4 0.79140625 0.46484375 0.04375 0.03671875
3 0.18359375 0.5109375 0.0296875 0.04453125
2 0.15546875 0.625 0.01640625 0.03125
11 0.18671875 0.64296875 0.05546875 0.1890625
13 0.15 0.74765625 0.02578125 0.0578125
13 0.1953125 0.76015625 0.03125 0.04296875
9 0.3828125 0.58828125 0.03046875 0.1203125
9 0.33671875 0.5921875 0.028125 0.109375
9 0.28515625 0.56796875 0.021875 0.09375
2 0.75 0.63828125 0.03359375 0.0625
2 0.7640625 0.6890625 0.03984375 0.0484375
2 0.22109375 0.59140625 0.01875 0.02890625
7 0.38671875 0.5140625 0.01328125 0.01328125
7 0.33828125 0.51640625 0.01796875 0.01484375
7 0.28828125 0.50625 0.01015625 0.0109375