11 0.18984375 0.553125 0.14921875 0.296875
11 0.35625 0.696875 0.25234375 0.16328125
11 0.39609375 0.5046875 0.1484375 0.24765625
3 0.21484375 0.375 0.08828125 0.09140625
3 0.41796875 0.34453125 0.07578125 0.0265625
10 0.20078125 0.72890625 0.0578125 0.07890625
2 0.4 0.6421875 0.0453125 0.06328125
4 0.2171875 0.45 0.03359375 0.02890625
3 0.92578125 0.40546875 0.01796875 0.01953125
11 0.92265625 0.50859375 0.04921875 0.16796875
2 0.228125 0.63984375 0.034375 0.0609375
8 0.4 0.38984375 0.025 0.03671875
2 0.8984375 0.50390625 0.0078125 0.0140625
7 0.65859375 0.46484375 0.01796875 0.01484375
9 0.66953125 0.54921875 0.03984375 0.1375
2 0.94609375 0.4953125 0.00546875 0.0140625
2 0.2484375 0.6296875 0.01953125 0.0375