4 0.36171875 0.5046875 0.1703125 0.09453125
4 0.08984375 0.453125 0.0859375 0.071875
4 0.184375 0.3890625 0.09296875 0.07734375
4 0.703125 0.43828125 0.1578125 0.0578125
4 0.88359375 0.42734375 0.1828125 0.065625
7 0.684375 0.56015625 0.1484375 0.03125
7 0.67421875 0.33671875 0.26171875 0.08515625
7 0.88125 0.30859375 0.2171875 0.0859375
7 0.29765625 0.3796875 0.26484375 0.08828125
7 0.21640625 0.29765625 0.1296875 0.06796875
7 0.0671875 0.30859375 0.134375 0.08203125
12 0.0671875 0.43203125 0.13359375 0.3265625
12 0.18046875 0.33828125 0.1515625 0.14921875
12 0.28515625 0.52265625 0.56953125 0.37734375
12 0.67734375 0.365625 0.26171875 0.16171875
12 0.696875 0.48515625 0.60625 0.446875