4 0.3921875 0.51875 0.17109375 0.0953125
4 0.11953125 0.4671875 0.08671875 0.071875
4 0.2140625 0.403125 0.09296875 0.07734375
4 0.7359375 0.45234375 0.15859375 0.0578125
4 0.9125 0.440625 0.175 0.065625
7 0.7171875 0.57421875 0.14921875 0.03125
7 0.70625 0.35 0.26328125 0.0859375
7 0.90234375 0.32109375 0.1953125 0.0859375
7 0.328125 0.39375 0.26640625 0.0890625
7 0.24609375 0.3109375 0.13046875 0.06796875
7 0.08203125 0.321875 0.1640625 0.08203125
12 0.08125 0.4453125 0.1625 0.328125
12 0.21015625 0.3515625 0.15234375 0.15
12 0.30078125 0.5375 0.6015625 0.3796875
12 0.71015625 0.37890625 0.26328125 0.1625
12 0.7125 0.49921875 0.575 0.45