3 0.27890625 0.18984375 0.01640625 0.028125
8 0.27578125 0.20234375 0.0078125 0.01796875
8 0.1734375 0.2453125 0.0109375 0.01328125
3 0.1703125 0.228125 0.02265625 0.02109375
2 0.18984375 0.334375 0.0078125 0.01640625
2 0.28125 0.24609375 0.00546875 0.0078125
2 0.26640625 0.2546875 0.00703125 0.0140625
3 0.75 0.1015625 0.0171875 0.0328125
3 0.66015625 0.10546875 0.01953125 0.03203125
2 0.64609375 0.21640625 0.0125 0.03359375
12 0.7453125 0.1625 0.03515625 0.1578125
12 0.684375 0.23125 0.090625 0.284375
12 0.2609375 0.253125 0.0515625 0.15859375
12 0.18125 0.33046875 0.06953125 0.228125