11 0.39140625 0.75234375 0.184375 0.4953125
11 0.66171875 0.76015625 0.2453125 0.4796875
11 0.840625 0.784375 0.25078125 0.42890625
3 0.65390625 0.3671875 0.11875 0.15703125
3 0.290625 0.246875 0.1453125 0.17265625
3 0.38828125 0.33671875 0.115625 0.1296875
3 0.84296875 0.43125 0.15703125 0.20703125
6 0.6171875 0.81015625 0.05078125 0.0453125
6 0.6828125 0.7578125 0.04921875 0.09375
6 0.69609375 0.88984375 0.05703125 0.09140625
6 0.76796875 0.8640625 0.06015625 0.0515625
14 0.2828125 0.36875 0.02421875 0.1265625
14 0.3796875 0.44921875 0.02578125 0.0984375
14 0.85078125 0.5484375 0.02109375 0.1203125
8 0.653125 0.50703125 0.05078125 0.065625
8 0.2984375 0.39140625 0.0625 0.07265625
8 0.39609375 0.4625 0.05625 0.05546875
8 0.83828125 0.5796875 0.06796875 0.0609375
11 0.2453125 0.696875 0.17890625 0.60625