3 0.240625 0.47578125 0.0890625 0.13046875
3 0.3390625 0.46484375 0.0703125 0.10703125
3 0.41875 0.428125 0.08359375 0.11640625
3 0.58359375 0.4890625 0.0796875 0.08203125
3 0.803125 0.44609375 0.1171875 0.12890625
3 0.96015625 0.36171875 0.0796875 0.16328125
11 0.5859375 0.78828125 0.13984375 0.42265625
14 0.5578125 0.55234375 0.01171875 0.06171875
14 0.7734375 0.52734375 0.01875 0.0734375
14 0.95234375 0.48203125 0.0171875 0.1328125
11 0.78515625 0.7796875 0.20078125 0.440625
11 0.9296875 0.7890625 0.1375 0.421875
6 0.1234375 0.96484375 0.0390625 0.0703125
6 0.33359375 0.96328125 0.0421875 0.0734375
6 0.02734375 0.75 0.04140625 0.06484375
6 0.02890625 0.85625 0.0578125 0.13125
6 0.25859375 0.36796875 0.02734375 0.06953125
6 0.32265625 0.3859375 0.03203125 0.040625