11 0.78203125 0.6359375 0.4359375 0.728125
11 0.2484375 0.615625 0.496875 0.76875
11 0.20234375 0.2375 0.09375 0.240625
3 0.646875 0.20625 0.2078125 0.31328125
3 0.35859375 0.03203125 0.1578125 0.0640625
2 0.56484375 0.49609375 0.0625 0.153125
2 0.4296875 0.4984375 0.07109375 0.1078125
2 0.49453125 0.775 0.1265625 0.1515625
2 0.56484375 0.6625 0.07109375 0.18359375
2 0.409375 0.76171875 0.06640625 0.0921875
14 0.66640625 0.36875 0.0359375 0.1140625
14 0.3578125 0.2859375 0.05703125 0.175
8 0.640625 0.40234375 0.0875 0.05390625
8 0.3703125 0.334375 0.0515625 0.0890625
3 0.33125 0.14453125 0.19921875 0.28828125