11 0.2796875 0.6484375 0.47890625 0.703125
11 0.80234375 0.63359375 0.3953125 0.7328125
3 0.465625 0.2484375 0.2109375 0.33125
3 0.659375 0.05078125 0.0484375 0.10078125
2 0.5171875 0.534375 0.06640625 0.15078125
2 0.659375 0.54375 0.0671875 0.1015625
2 0.5875 0.82578125 0.1390625 0.1546875
2 0.5171875 0.68984375 0.059375 0.18515625
2 0.6703125 0.821875 0.04140625 0.04609375
14 0.44375 0.396875 0.034375 0.1078125
14 0.75234375 0.31953125 0.06796875 0.1734375
8 0.46796875 0.43828125 0.0828125 0.05078125
8 0.7359375 0.37578125 0.06484375 0.09453125
3 0.7296875 0.15234375 0.13125 0.3046875
11 0.8703125 0.215625 0.04765625 0.09609375