3 0.1828125 0.3875 0.059375 0.0578125
3 0.36640625 0.42578125 0.03203125 0.04140625
3 0.4 0.42265625 0.0328125 0.04140625
11 0.1859375 0.6765625 0.1546875 0.4578125
11 0.3609375 0.60703125 0.07109375 0.27734375
11 0.41171875 0.59375 0.034375 0.26171875
13 0.20078125 0.97265625 0.02578125 0.0546875
13 0.35390625 0.76328125 0.028125 0.03828125
2 0.253125 0.6625 0.025 0.03984375
13 0.415625 0.75546875 0.01796875 0.0390625
13 0.36953125 0.771875 0.02109375 0.03203125
13 0.16015625 0.93671875 0.02578125 0.05703125
13 0.3984375 0.74453125 0.01796875 0.0390625