3 0.25859375 0.2046875 0.01796875 0.03125
8 0.2546875 0.21875 0.009375 0.01953125
8 0.14140625 0.2671875 0.0125 0.01484375
3 0.13828125 0.24765625 0.025 0.0234375
2 0.16015625 0.36484375 0.00859375 0.01875
2 0.2609375 0.2671875 0.00546875 0.009375
2 0.2453125 0.27734375 0.0078125 0.015625
3 0.78203125 0.10703125 0.01875 0.03671875
3 0.68203125 0.1109375 0.021875 0.03515625
2 0.6671875 0.234375 0.0140625 0.0375
12 0.77734375 0.175 0.03984375 0.175
12 0.709375 0.25 0.10078125 0.315625
12 0.2390625 0.275 0.05703125 0.17578125
12 0.15 0.36171875 0.07734375 0.253125