3 0.82265625 0.42109375 0.0421875 0.05234375
3 0.69140625 0.44921875 0.03046875 0.0390625
3 0.6640625 0.4421875 0.03125 0.0390625
11 0.81015625 0.66953125 0.140625 0.39140625
11 0.6921875 0.60546875 0.06015625 0.25625
11 0.6390625 0.5875 0.05546875 0.2453125
13 0.79296875 0.915625 0.02890625 0.06953125
13 0.6546875 0.759375 0.0234375 0.02890625
13 0.70234375 0.7375 0.02109375 0.0375
2 0.7484375 0.66953125 0.0234375 0.0375
13 0.621875 0.7359375 0.0234375 0.02890625
13 0.82265625 0.88203125 0.025 0.04296875