3 0.990625 0.5578125 0.01875 0.1390625
3 0.7421875 0.4984375 0.09453125 0.13828125
3 0.640625 0.48203125 0.07421875 0.11328125
3 0.55546875 0.45078125 0.08828125 0.12265625
3 0.38984375 0.5078125 0.084375 0.08671875
3 0.1640625 0.4640625 0.1234375 0.1359375
3 0.021875 0.37890625 0.04375 0.1625
11 0.384375 0.80078125 0.14765625 0.3984375
14 0.41640625 0.57578125 0.0125 0.065625
14 0.19296875 0.55078125 0.01953125 0.07734375
14 0.01015625 0.503125 0.01875 0.140625
11 0.1859375 0.7890625 0.2 0.421875
11 0.053125 0.79921875 0.10625 0.4015625
6 0.86328125 0.98671875 0.04140625 0.0265625
6 0.64921875 0.98515625 0.04375 0.0296875
6 0.95 0.7765625 0.040625 0.053125
6 0.9546875 0.87265625 0.06015625 0.115625
6 0.71953125 0.39140625 0.02890625 0.0734375
6 0.65390625 0.409375 0.02578125 0.03671875