3 0.79296875 0.4203125 0.0546875 0.053125
3 0.6234375 0.45546875 0.0296875 0.03828125
3 0.59296875 0.45234375 0.03046875 0.03828125
11 0.78984375 0.6859375 0.1421875 0.42109375
11 0.62890625 0.621875 0.065625 0.25546875
11 0.58203125 0.609375 0.03125 0.240625
13 0.7765625 0.959375 0.0234375 0.05234375
13 0.63515625 0.765625 0.02578125 0.03515625
2 0.728125 0.6734375 0.02265625 0.0359375
13 0.578125 0.75859375 0.01640625 0.0359375
13 0.62109375 0.7734375 0.01953125 0.02890625
13 0.8140625 0.925 0.0234375 0.05234375
13 0.59453125 0.7484375 0.01640625 0.0359375