3 0.2296875 0.465625 0.09296875 0.1359375
3 0.3265625 0.4515625 0.07265625 0.1109375
3 0.40859375 0.41953125 0.08671875 0.1203125
3 0.571875 0.475 0.0828125 0.08515625
3 0.7875 0.42890625 0.121875 0.13359375
3 0.9515625 0.34765625 0.09609375 0.16015625
11 0.575 0.7828125 0.140625 0.43359375
14 0.5453125 0.53984375 0.01171875 0.0640625
14 0.7578125 0.5171875 0.01953125 0.07578125
14 0.93828125 0.46796875 0.01796875 0.13828125
11 0.77265625 0.771875 0.1953125 0.45625
11 0.921875 0.7703125 0.15625 0.459375
6 0.1125 0.965625 0.040625 0.06875
6 0.32109375 0.96484375 0.04296875 0.0703125
6 0.0203125 0.7390625 0.040625 0.05234375
6 0.02421875 0.8234375 0.0484375 0.1140625
6 0.246875 0.36015625 0.02890625 0.071875
6 0.3125 0.378125 0.025 0.0359375