3 0.015625 0.53671875 0.03046875 0.13203125
3 0.25078125 0.4796875 0.0890625 0.13046875
3 0.34375 0.46640625 0.0703125 0.10703125
3 0.42265625 0.43515625 0.08359375 0.11640625
3 0.58046875 0.48828125 0.0796875 0.08203125
3 0.78828125 0.44375 0.1171875 0.12890625
3 0.95 0.36640625 0.1 0.15390625
11 0.58359375 0.78828125 0.1359375 0.42265625
14 0.5546875 0.5515625 0.01171875 0.06171875
14 0.76015625 0.52890625 0.01875 0.0734375
14 0.9328125 0.48203125 0.0171875 0.1328125
11 0.775 0.778125 0.1890625 0.44296875
11 0.92109375 0.7765625 0.1578125 0.446875
6 0.1390625 0.96484375 0.0390625 0.0703125
6 0.33828125 0.96328125 0.0421875 0.0734375
6 0.0484375 0.74296875 0.0390625 0.05078125
6 0.04765625 0.825 0.05703125 0.109375
6 0.2671875 0.37734375 0.02734375 0.06953125
6 0.3296875 0.39453125 0.02421875 0.034375