3 0.134375 0.22890625 0.02421875 0.02265625
3 0.2484375 0.18359375 0.0171875 0.02890625
3 0.76328125 0.090625 0.01953125 0.034375
3 0.675 0.07734375 0.02421875 0.0296875
2 0.659375 0.25390625 0.01171875 0.03125
2 0.7359375 0.1421875 0.0109375 0.015625
2 0.734375 0.1046875 0.01171875 0.0234375
2 0.24375 0.25234375 0.00703125 0.01484375
2 0.2359375 0.25859375 0.0078125 0.01796875
2 0.15625 0.34296875 0.00859375 0.02265625
12 0.22734375 0.25390625 0.0609375 0.17109375
12 0.1453125 0.33984375 0.0734375 0.2484375
12 0.6984375 0.22734375 0.0859375 0.328125
12 0.7546875 0.1578125 0.05 0.16953125