3 0.57109375 0.28515625 0.04609375 0.08359375
3 0.7515625 0.2703125 0.05703125 0.0625
3 0.6984375 0.384375 0.0171875 0.03828125
3 0.38125 0.48046875 0.0234375 0.03984375
3 0.2578125 0.30234375 0.015625 0.025
2 0.259375 0.4375 0.0125 0.03046875
2 0.3703125 0.603125 0.009375 0.02109375
3 0.52578125 0.50234375 0.0171875 0.0328125
12 0.53359375 0.52109375 0.03203125 0.06953125
12 0.38359375 0.53828125 0.06328125 0.1546875
12 0.2515625 0.434375 0.0375 0.2796875
8 0.2609375 0.33515625 0.01015625 0.0171875
8 0.38125 0.51796875 0.0109375 0.015625
8 0.5796875 0.340625 0.021875 0.028125
8 0.75078125 0.340625 0.03203125 0.03671875
12 0.58984375 0.5375 0.09453125 0.5921875
12 0.703125 0.42265625 0.02578125 0.115625
12 0.76484375 0.5546875 0.1171875 0.640625
2 0.7140625 0.5671875 0.01640625 0.06796875
2 0.80703125 0.584375 0.02265625 0.06640625