12 0.68125 0.69296875 0.01796875 0.03046875
1 0.51171875 0.3984375 0.46015625 0.471875
12 0.06640625 0.31953125 0.01796875 0.07421875
12 0.075 0.359375 0.015625 0.021875
3 0.06875 0.2890625 0.0078125 0.01015625
3 0.078125 0.35234375 0.00703125 0.00703125
3 0.12734375 0.34609375 0.00703125 0.009375
3 0.15859375 0.3140625 0.0078125 0.01015625
7 0.1828125 0.3234375 0.00859375 0.01015625
12 0.1796875 0.35625 0.02109375 0.0765625
12 0.1359375 0.35625 0.021875 0.0296875
12 0.15390625 0.34140625 0.02109375 0.06953125
12 0.171875 0.3703125 0.0109375 0.0328125