3 0.21640625 0.440625 0.09921875 0.1546875
3 0.32890625 0.4265625 0.08359375 0.12109375
3 0.42421875 0.3875 0.10078125 0.1265625
3 0.6078125 0.45546875 0.0921875 0.0890625
3 0.85234375 0.4046875 0.1328125 0.14296875
3 0.99140625 0.31640625 0.0171875 0.1765625
11 0.6078125 0.77734375 0.159375 0.4453125
14 0.57578125 0.52890625 0.0125 0.0671875
11 0.8359375 0.76328125 0.2234375 0.47265625
11 0.9578125 0.78125 0.084375 0.434375
6 0.08828125 0.965625 0.04140625 0.06875
6 0.3265625 0.9640625 0.04453125 0.071875
6 0.00859375 0.740625 0.0171875 0.0703125
6 0.00625 0.8578125 0.01171875 0.14296875
6 0.23984375 0.32109375 0.0296875 0.075
6 0.31328125 0.340625 0.034375 0.04375
14 0.81953125 0.5046875 0.01484375 0.090625