11 0.3828125 0.734375 0.215625 0.53125
11 0.74921875 0.7484375 0.2234375 0.503125
11 0.90859375 0.78359375 0.18203125 0.4328125
3 0.75390625 0.29609375 0.14140625 0.16171875
3 0.1921875 0.1578125 0.19140625 0.1703125
3 0.4 0.30859375 0.13359375 0.14375
3 0.93984375 0.36875 0.1203125 0.25390625
6 0.5859375 0.73046875 0.06796875 0.11015625
6 0.6484375 0.76796875 0.06640625 0.11953125
6 0.78203125 0.94765625 0.1 0.1046875
6 0.8765625 0.8765625 0.0765625 0.0984375
14 0.20078125 0.30390625 0.03515625 0.1375
14 0.39296875 0.425 0.0265625 0.1015625
14 0.98203125 0.53203125 0.03203125 0.175
8 0.72265625 0.43359375 0.05625 0.0890625
8 0.2328125 0.3234375 0.0625 0.07734375
8 0.41640625 0.45546875 0.05234375 0.053125
8 0.9515625 0.56328125 0.07421875 0.09609375
11 0.17265625 0.6921875 0.2515625 0.615625
6 0.271875 0.771875 0.096875 0.1203125
6 0.30625 0.96171875 0.0265625 0.07578125
14 0.75625 0.41640625 0.03671875 0.14140625