11 0.3890625 0.7375 0.28671875 0.525
11 0.8234375 0.7546875 0.31875 0.48984375
3 0.83671875 0.253125 0.1875 0.2140625
3 0.11328125 0.08984375 0.2265625 0.1796875
3 0.41796875 0.3015625 0.14765625 0.196875
6 0.61796875 0.80625 0.09453125 0.13828125
6 0.70546875 0.91640625 0.10078125 0.109375
14 0.08671875 0.246875 0.04140625 0.18125
14 0.39609375 0.45078125 0.02578125 0.13671875
8 0.7921875 0.4390625 0.078125 0.13515625
8 0.128125 0.30859375 0.078125 0.12578125
8 0.4296875 0.48125 0.06015625 0.06640625
11 0.103125 0.6859375 0.20625 0.628125
6 0.2203125 0.79921875 0.12578125 0.2265625
14 0.84296875 0.4078125 0.0453125 0.1734375