11 0.28828125 0.66328125 0.5765625 0.6703125
3 0.4765625 0.225 0.26328125 0.41015625
2 0.57109375 0.5890625 0.084375 0.19140625
2 0.75234375 0.615625 0.0921875 0.1421875
2 0.66953125 0.946875 0.15078125 0.10625
2 0.575 0.79921875 0.0625 0.23984375
14 0.44296875 0.41171875 0.0375 0.1171875
14 0.87734375 0.28125 0.08125 0.18828125
8 0.47734375 0.46171875 0.09921875 0.08046875
8 0.8890625 0.37734375 0.0703125 0.10234375
3 0.79609375 0.1359375 0.0421875 0.271875
11 0.81796875 0.41328125 0.15 0.18203125
11 0.85 0.6859375 0.29921875 0.628125