11 0.63359375 0.73984375 0.19296875 0.5203125
11 0.3140625 0.74765625 0.259375 0.5046875
11 0.13828125 0.77421875 0.253125 0.4515625
3 0.3328125 0.3203125 0.1265625 0.16640625
3 0.76953125 0.19375 0.1546875 0.19765625
3 0.6265625 0.29921875 0.12265625 0.13828125
3 0.1328125 0.3875 0.184375 0.2328125
6 0.415625 0.83359375 0.05390625 0.12578125
6 0.34453125 0.77109375 0.06875 0.10546875
6 0.29375 0.915625 0.06015625 0.096875
6 0.23125 0.84921875 0.09140625 0.07265625
14 0.77421875 0.31875 0.02578125 0.134375
14 0.63671875 0.41875 0.02734375 0.10390625
14 0.128125 0.51328125 0.02265625 0.12734375
8 0.3296875 0.46640625 0.065625 0.0671875
8 0.74609375 0.34375 0.059375 0.0765625
8 0.61484375 0.43671875 0.04921875 0.0546875
8 0.15703125 0.54609375 0.0546875 0.06484375
11 0.80546875 0.68046875 0.2015625 0.63828125
6 0.70859375 0.81171875 0.078125 0.1046875