11 0.4015625 0.7359375 0.271875 0.528125
11 0.83671875 0.7546875 0.30859375 0.48984375
3 0.84375 0.25078125 0.18203125 0.1984375
3 0.11640625 0.09921875 0.2328125 0.1984375
3 0.43984375 0.30390625 0.1515625 0.20234375
6 0.6328125 0.8015625 0.096875 0.14140625
6 0.71796875 0.91171875 0.096875 0.1125
14 0.1296875 0.28359375 0.05703125 0.1828125
14 0.4171875 0.446875 0.0265625 0.140625
8 0.79609375 0.4421875 0.06484375 0.1046875
8 0.17109375 0.309375 0.065625 0.1046875
8 0.4453125 0.4796875 0.06171875 0.06796875
11 0.115625 0.68359375 0.23125 0.6328125
6 0.23671875 0.83359375 0.1296875 0.17734375
14 0.8484375 0.41796875 0.0421875 0.1609375