11 0.128125 0.72265625 0.18046875 0.259375
11 0.259375 0.88125 0.2125 0.2375
11 0.71796875 0.9015625 0.21328125 0.19609375
11 0.89140625 0.68125 0.215625 0.42578125
11 0.72578125 0.63125 0.18046875 0.2078125
11 0.53671875 0.68046875 0.21875 0.225
11 0.3921875 0.6703125 0.18984375 0.3609375
9 0.27265625 0.553125 0.10703125 0.13125
9 0.61640625 0.58359375 0.090625 0.15859375
9 0.50234375 0.884375 0.1828125 0.23125
7 0.13828125 0.47421875 0.075 0.05078125
7 0.28125 0.36953125 0.05390625 0.04453125
7 0.38828125 0.35234375 0.06796875 0.07265625
7 0.60078125 0.3890625 0.08203125 0.0640625
7 0.72734375 0.4109375 0.08984375 0.0578125
7 0.87421875 0.3265625 0.0984375 0.06171875
7 0.26484375 0.62421875 0.09921875 0.06953125
7 0.49453125 0.6421875 0.0875 0.04375
7 0.703125 0.665625 0.09140625 0.0609375
7 0.53203125 0.46171875 0.075 0.07109375
8 0.85 0.42890625 0.0484375 0.065625
8 0.725 0.49609375 0.0515625 0.0515625
8 0.70390625 0.77265625 0.0546875 0.06875
8 0.51640625 0.7359375 0.06171875 0.06484375
8 0.29453125 0.721875 0.0375 0.06328125
8 0.15625 0.5515625 0.046875 0.05859375
8 0.28515625 0.43828125 0.0578125 0.05546875
8 0.39765625 0.453125 0.053125 0.071875
8 0.5421875 0.53671875 0.0546875 0.0625
8 0.5890625 0.46484375 0.05078125 0.06328125