12 0.32734375 0.6640625 0.0171875 0.02890625
1 0.48828125 0.38515625 0.4375 0.446875
12 0.9109375 0.31015625 0.0171875 0.0703125
12 0.903125 0.3484375 0.01484375 0.02109375
3 0.909375 0.28125 0.00703125 0.009375
3 0.9 0.34140625 0.00625 0.00703125
3 0.853125 0.3359375 0.00625 0.00859375
3 0.8234375 0.30546875 0.0078125 0.009375
7 0.80078125 0.31484375 0.0078125 0.009375
12 0.80390625 0.3453125 0.0203125 0.07265625
12 0.8453125 0.3453125 0.02109375 0.028125
12 0.828125 0.33125 0.0203125 0.065625
12 0.81171875 0.35859375 0.0109375 0.03125