3 0.21015625 0.41953125 0.0546875 0.053125
3 0.37890625 0.4546875 0.0296875 0.0375
3 0.409375 0.4515625 0.0296875 0.0375
11 0.21328125 0.68359375 0.14140625 0.41875
11 0.3734375 0.61953125 0.065625 0.25390625
11 0.41953125 0.6078125 0.03125 0.2390625
13 0.22734375 0.95546875 0.0234375 0.0515625
13 0.3671875 0.7625 0.02578125 0.03515625
2 0.27421875 0.67109375 0.02265625 0.0359375
13 0.4234375 0.75546875 0.01640625 0.0359375
13 0.38125 0.7703125 0.01875 0.02890625
13 0.1890625 0.921875 0.0234375 0.0515625
13 0.4078125 0.74609375 0.01640625 0.0359375