3 0.22578125 0.47578125 0.0921875 0.14296875
3 0.33046875 0.4625 0.078125 0.11171875
3 0.41875 0.4265625 0.09375 0.1171875
3 0.58828125 0.4890625 0.08515625 0.08203125
3 0.815625 0.4421875 0.1234375 0.1328125
3 0.96875 0.36171875 0.06171875 0.16328125
11 0.590625 0.79140625 0.14765625 0.41640625
14 0.559375 0.55703125 0.01171875 0.06171875
14 0.97421875 0.48203125 0.0171875 0.1328125
11 0.80078125 0.77578125 0.20703125 0.440625
11 0.9375 0.7953125 0.125 0.409375
6 0.1078125 0.96484375 0.0390625 0.0703125
6 0.328125 0.96328125 0.040625 0.0734375
6 0.02109375 0.7546875 0.04140625 0.06484375
6 0.01875 0.86171875 0.03671875 0.13203125
6 0.2484375 0.365625 0.02734375 0.06953125
6 0.315625 0.38359375 0.03203125 0.040625
14 0.78515625 0.53515625 0.0140625 0.08359375