4 0.5703125 0.16953125 0.02734375 0.03984375
4 0.5984375 0.1765625 0.0125 0.01328125
4 0.68359375 0.2703125 0.02734375 0.0578125
4 0.87265625 0.17109375 0.02734375 0.03515625
3 0.8734375 0.12734375 0.0375 0.05390625
3 0.7875 0.121875 0.0375 0.05390625
3 0.68203125 0.2203125 0.04765625 0.075
3 0.49296875 0.2046875 0.04609375 0.07890625
3 0.56796875 0.11171875 0.03671875 0.0546875
3 0.5953125 0.14140625 0.02578125 0.046875
12 0.8828125 0.33984375 0.10703125 0.48203125
12 0.79140625 0.35078125 0.09609375 0.51640625
12 0.7375 0.4375 0.15859375 0.51328125
12 0.6109375 0.19453125 0.05234375 0.146875
12 0.578125 0.17734375 0.11171875 0.1890625
12 0.44921875 0.390625 0.13203125 0.45390625