3 0.0078125 0.5359375 0.015625 0.134375
3 0.24609375 0.47890625 0.090625 0.1328125
3 0.34375 0.46328125 0.07109375 0.10859375
3 0.42578125 0.4328125 0.08515625 0.11796875
3 0.5859375 0.48828125 0.08125 0.08359375
3 0.803125 0.4453125 0.11875 0.13125
3 0.959375 0.3640625 0.08125 0.15703125
11 0.58984375 0.78828125 0.1421875 0.4234375
14 0.56015625 0.553125 0.01171875 0.06328125
14 0.775 0.52890625 0.01875 0.07421875
14 0.9515625 0.4828125 0.01796875 0.13515625
11 0.7828125 0.778125 0.1921875 0.44375
11 0.9296875 0.7875 0.140625 0.425
6 0.1296875 0.96796875 0.03984375 0.06328125
6 0.33515625 0.96640625 0.0421875 0.0671875
6 0.0453125 0.746875 0.0390625 0.0515625
6 0.04140625 0.8390625 0.0578125 0.1109375
6 0.2671875 0.375 0.028125 0.07109375
6 0.33125 0.39296875 0.025 0.03515625