3 0.284375 0.18984375 0.0171875 0.02890625
8 0.28125 0.20234375 0.00859375 0.01796875
8 0.175 0.24765625 0.01171875 0.0140625
3 0.171875 0.2296875 0.0234375 0.021875
2 0.1921875 0.33984375 0.0078125 0.0171875
2 0.28671875 0.2484375 0.00546875 0.00859375
2 0.271875 0.25703125 0.0078125 0.01484375
3 0.7734375 0.0984375 0.01796875 0.034375
3 0.6796875 0.1015625 0.0203125 0.0328125
2 0.665625 0.2171875 0.01328125 0.034375
12 0.76875 0.16171875 0.03671875 0.16328125
12 0.70546875 0.23203125 0.09375 0.2953125
12 0.265625 0.25546875 0.053125 0.1640625
12 0.1828125 0.3359375 0.071875 0.23671875