11 0.2890625 0.65625 0.5515625 0.68671875
3 0.4765625 0.2609375 0.2203125 0.37421875
2 0.54921875 0.571875 0.06875 0.1578125
2 0.72109375 0.5828125 0.0703125 0.10625
2 0.64765625 0.91640625 0.1453125 0.16171875
2 0.55078125 0.7484375 0.0796875 0.21484375
14 0.465625 0.41953125 0.0359375 0.1125
14 0.840625 0.31015625 0.0625 0.18828125
8 0.49765625 0.46640625 0.08671875 0.0578125
8 0.82578125 0.396875 0.0671875 0.0984375
3 0.75390625 0.15546875 0.1171875 0.3109375
3 0.7234375 0.025 0.0625 0.05
11 0.7671875 0.39375 0.14765625 0.184375
11 0.83515625 0.68671875 0.32890625 0.62578125