3 0.98203125 0.53046875 0.0359375 0.1328125
3 0.74296875 0.46484375 0.078125 0.115625
3 0.653125 0.46171875 0.07109375 0.1078125
3 0.57265625 0.43046875 0.084375 0.09765625
3 0.41875 0.48359375 0.08046875 0.0828125
3 0.215625 0.4453125 0.11171875 0.12265625
3 0.053125 0.36015625 0.10625 0.15625
11 0.41875 0.7859375 0.1265625 0.428125
14 0.44609375 0.5484375 0.01171875 0.0625
14 0.2453125 0.52578125 0.01484375 0.06953125
14 0.075 0.4875 0.01796875 0.134375
11 0.23125 0.775 0.184375 0.44921875
11 0.0796875 0.77421875 0.15859375 0.45078125
6 0.85234375 0.96484375 0.03984375 0.0703125
6 0.65859375 0.96328125 0.0421875 0.07265625
6 0.946875 0.7328125 0.0390625 0.05078125
6 0.93984375 0.81875 0.05703125 0.1
6 0.72734375 0.37265625 0.028125 0.0703125
6 0.66796875 0.3890625 0.02421875 0.03515625