11 0.38828125 0.75234375 0.17734375 0.4953125
11 0.66171875 0.76015625 0.2453125 0.4796875
11 0.8359375 0.784375 0.2421875 0.42890625
3 0.65390625 0.37421875 0.11875 0.1703125
3 0.290625 0.2640625 0.1453125 0.1859375
3 0.3828125 0.3375 0.10078125 0.1296875
3 0.84296875 0.43125 0.15703125 0.20703125
6 0.625 0.81328125 0.02890625 0.0359375
6 0.70703125 0.7640625 0.04921875 0.09375
6 0.69609375 0.90078125 0.05703125 0.09140625
6 0.7640625 0.85859375 0.06015625 0.0515625
14 0.2875 0.36875 0.02421875 0.1265625
14 0.37109375 0.44921875 0.02578125 0.0984375
14 0.8421875 0.5484375 0.02109375 0.1203125
8 0.65546875 0.51171875 0.05078125 0.05859375
8 0.30625 0.39453125 0.059375 0.07265625
8 0.38359375 0.465625 0.06171875 0.05546875
8 0.82421875 0.58515625 0.0515625 0.06953125
11 0.23828125 0.696875 0.19375 0.60625