12 0.6515625 0.66328125 0.01640625 0.028125
1 0.4984375 0.396875 0.4171875 0.4265625
12 0.0953125 0.32578125 0.01640625 0.0671875
12 0.103125 0.36171875 0.0140625 0.0203125
3 0.096875 0.29765625 0.00703125 0.009375
3 0.10546875 0.35546875 0.00625 0.00625
3 0.15078125 0.35 0.00625 0.00859375
3 0.17890625 0.32109375 0.00703125 0.009375
7 0.2 0.3296875 0.0078125 0.00859375
12 0.19765625 0.359375 0.01953125 0.06875
12 0.1578125 0.359375 0.01953125 0.0265625
12 0.17421875 0.34609375 0.01953125 0.0625
12 0.18984375 0.37109375 0.01015625 0.0296875