11 0.596875 0.7359375 0.26796875 0.528125
11 0.19140625 0.75390625 0.284375 0.49140625
3 0.17109375 0.275 0.17890625 0.19609375
3 0.8859375 0.10234375 0.228125 0.2046875
3 0.5625 0.31015625 0.14921875 0.19921875
6 0.3796875 0.7875 0.084375 0.1125
6 0.2984375 0.884375 0.0953125 0.1109375
14 0.8578125 0.28984375 0.05625 0.1796875
14 0.58125 0.44453125 0.0265625 0.13828125
8 0.221875 0.4390625 0.06328125 0.103125
8 0.8171875 0.31640625 0.06484375 0.103125
8 0.5625 0.48359375 0.0609375 0.0671875
11 0.8765625 0.684375 0.246875 0.63125
6 0.7765625 0.86171875 0.11015625 0.1328125
14 0.16796875 0.415625 0.04140625 0.15859375