11 0.7125 0.64921875 0.53125 0.7015625
3 0.53203125 0.2484375 0.21171875 0.36015625
2 0.4625 0.54765625 0.06640625 0.1515625
2 0.296875 0.55859375 0.06796875 0.10234375
2 0.36796875 0.8796875 0.13984375 0.15546875
2 0.4609375 0.7171875 0.0765625 0.20703125
14 0.54296875 0.40078125 0.034375 0.10859375
14 0.18203125 0.2953125 0.06015625 0.18125
8 0.51171875 0.44609375 0.08359375 0.05546875
8 0.1953125 0.3796875 0.06484375 0.0953125
3 0.2640625 0.1484375 0.11328125 0.296875
3 0.29375 0.02265625 0.059375 0.0453125
11 0.25234375 0.3765625 0.1421875 0.17734375
11 0.17265625 0.678125 0.3453125 0.64375