11 0.37734375 0.7375 0.1984375 0.525
11 0.72109375 0.7625 0.2328125 0.475
11 0.85703125 0.784375 0.23828125 0.42890625
3 0.7109375 0.3421875 0.12578125 0.15703125
3 0.23046875 0.203125 0.16640625 0.16484375
3 0.3921875 0.325 0.1203125 0.13984375
3 0.86953125 0.39921875 0.1734375 0.21875
6 0.57890625 0.75703125 0.05078125 0.09453125
6 0.6515625 0.78046875 0.06484375 0.09921875
6 0.709375 0.9171875 0.05703125 0.09140625
6 0.7890625 0.8578125 0.06015625 0.06796875
14 0.23671875 0.3515625 0.02421875 0.1265625
14 0.38671875 0.43203125 0.02578125 0.0984375
14 0.87109375 0.534375 0.02109375 0.1203125
8 0.7046875 0.49296875 0.05390625 0.06328125
8 0.25859375 0.3546875 0.0609375 0.07265625
8 0.40234375 0.4625 0.05078125 0.0484375
8 0.84453125 0.57109375 0.0515625 0.0609375
11 0.20390625 0.696875 0.20546875 0.60625
6 0.3 0.7609375 0.09375 0.0984375
6 0.31640625 0.9640625 0.0234375 0.07109375
14 0.72734375 0.4734375 0.02890625 0.1375