11 0.39296875 0.7359375 0.2640625 0.528125
11 0.8125 0.75390625 0.3 0.4921875
3 0.81953125 0.25703125 0.1765625 0.19296875
3 0.115625 0.10390625 0.22578125 0.2078125
3 0.428125 0.30859375 0.146875 0.19609375
6 0.615625 0.79140625 0.09375 0.1375
6 0.69765625 0.89765625 0.09375 0.10859375
14 0.12734375 0.28828125 0.05546875 0.1765625
14 0.40703125 0.446875 0.02578125 0.1359375
8 0.77421875 0.4421875 0.0625 0.1015625
8 0.16796875 0.3140625 0.06328125 0.10078125
8 0.43359375 0.47890625 0.06015625 0.06640625
11 0.1140625 0.6859375 0.228125 0.628125
6 0.23203125 0.821875 0.125 0.171875
14 0.82421875 0.41953125 0.040625 0.15625