11 0.86640625 0.73203125 0.1890625 0.27265625
11 0.7296875 0.88671875 0.22265625 0.22578125
11 0.24765625 0.9078125 0.22421875 0.18359375
11 0.08984375 0.6875 0.1796875 0.446875
11 0.2390625 0.6359375 0.1890625 0.21796875
11 0.43828125 0.68828125 0.2296875 0.23671875
11 0.5890625 0.67734375 0.19921875 0.37890625
9 0.71484375 0.55390625 0.1125 0.1375
9 0.3546875 0.5859375 0.0953125 0.16640625
9 0.4734375 0.890625 0.1921875 0.21875
7 0.85546875 0.471875 0.078125 0.053125
7 0.70546875 0.36171875 0.05703125 0.046875
7 0.59375 0.34375 0.07109375 0.0765625
7 0.3703125 0.38203125 0.0859375 0.0671875
7 0.2375 0.4046875 0.09453125 0.0609375
7 0.08359375 0.31640625 0.103125 0.06484375
7 0.7234375 0.62890625 0.10390625 0.0734375
7 0.48203125 0.64765625 0.09140625 0.04609375
7 0.26328125 0.671875 0.09609375 0.0640625
7 0.4421875 0.45859375 0.078125 0.07421875
8 0.109375 0.42421875 0.05078125 0.06953125
8 0.23984375 0.49453125 0.05390625 0.0546875
8 0.2625 0.784375 0.05703125 0.071875
8 0.45859375 0.74609375 0.06484375 0.06796875
8 0.6921875 0.73125 0.0390625 0.06640625
8 0.83671875 0.55234375 0.04921875 0.0609375
8 0.7015625 0.43359375 0.06015625 0.05859375
8 0.58359375 0.45 0.05625 0.075
8 0.43203125 0.5375 0.05703125 0.065625
8 0.3828125 0.46171875 0.053125 0.06640625