3 0.7828125 0.4703125 0.096875 0.15
3 0.6703125 0.4515625 0.0875 0.13671875
3 0.57578125 0.41796875 0.10859375 0.14375
3 0.3890625 0.47890625 0.08984375 0.0921875
3 0.140625 0.43515625 0.13515625 0.1609375
11 0.3875 0.79609375 0.1625 0.4078125
14 0.4234375 0.55703125 0.0125 0.06484375
11 0.15703125 0.77890625 0.228125 0.44140625
11 0.03515625 0.81171875 0.0703125 0.37578125
6 0.9203125 0.9859375 0.03671875 0.02734375
6 0.6734375 0.9796875 0.03671875 0.040625
6 0.76171875 0.34921875 0.02890625 0.0828125
6 0.68671875 0.371875 0.03828125 0.0546875
14 0.1796875 0.53203125 0.01484375 0.0875