3 0.7859375 0.46171875 0.10078125 0.15703125
3 0.66796875 0.44140625 0.0921875 0.14375
3 0.56875 0.40625 0.11328125 0.1515625
3 0.3734375 0.4703125 0.09453125 0.096875
3 0.1140625 0.42421875 0.14140625 0.16875
11 0.37109375 0.79453125 0.1703125 0.4109375
14 0.409375 0.55234375 0.0125 0.06796875
11 0.13125 0.7765625 0.23828125 0.44609375
11 0.0203125 0.8109375 0.040625 0.37734375
6 0.92890625 0.99375 0.03828125 0.0125
6 0.67109375 0.98671875 0.03828125 0.02578125
6 0.76328125 0.334375 0.03046875 0.08671875
6 0.68515625 0.35859375 0.03984375 0.0578125
14 0.1546875 0.5265625 0.01484375 0.0921875