11 0.34140625 0.75390625 0.21953125 0.4921875
11 0.71796875 0.78125 0.25390625 0.4375
11 0.86640625 0.80546875 0.26171875 0.38828125
3 0.70703125 0.36171875 0.1375 0.17265625
3 0.1796875 0.2078125 0.18203125 0.18203125
3 0.35625 0.3421875 0.13203125 0.15390625
3 0.88125 0.42421875 0.190625 0.24140625
6 0.56171875 0.81796875 0.05546875 0.10390625
6 0.64140625 0.84375 0.07109375 0.109375
6 0.7046875 0.971875 0.0625 0.05625
6 0.79296875 0.9296875 0.065625 0.075
14 0.18671875 0.371875 0.0265625 0.1390625
14 0.35078125 0.46015625 0.028125 0.1078125
14 0.88203125 0.57265625 0.0234375 0.13203125
8 0.7 0.52734375 0.059375 0.06953125
8 0.21015625 0.375 0.0671875 0.0796875
8 0.36796875 0.49375 0.05546875 0.05390625
8 0.85390625 0.61328125 0.05703125 0.0671875
11 0.14921875 0.70859375 0.2265625 0.5828125
6 0.25625 0.82265625 0.103125 0.10859375
14 0.725 0.50625 0.03203125 0.1515625