3 0.203125 0.4703125 0.10078125 0.15546875
3 0.31484375 0.45625 0.08359375 0.13046875
3 0.41015625 0.41875 0.103125 0.1375
3 0.59765625 0.48125 0.08828125 0.09140625
3 0.84375 0.43671875 0.1359375 0.15390625
3 0.98984375 0.37890625 0.01953125 0.040625
11 0.5953125 0.8 0.15625 0.4
14 0.5640625 0.5640625 0.01171875 0.07265625
11 0.82890625 0.784375 0.21640625 0.43125
11 0.9578125 0.82578125 0.084375 0.3484375
6 0.31328125 0.98359375 0.0359375 0.0328125
6 0.225 0.353125 0.034375 0.08984375
6 0.296875 0.365625 0.03671875 0.05234375
14 0.809375 0.54921875 0.0140625 0.10625