11 0.13671875 0.7234375 0.18125 0.2609375
11 0.2515625 0.88203125 0.22109375 0.2359375
11 0.71796875 0.90234375 0.21484375 0.1953125
11 0.884375 0.68515625 0.21640625 0.428125
11 0.72578125 0.6328125 0.18203125 0.2078125
11 0.53515625 0.68125 0.2203125 0.2265625
11 0.3828125 0.6703125 0.1765625 0.365625
9 0.26953125 0.553125 0.1078125 0.13203125
9 0.61953125 0.5640625 0.07265625 0.10234375
9 0.503125 0.88515625 0.184375 0.22890625
7 0.1421875 0.47421875 0.075 0.0515625
7 0.28984375 0.36171875 0.0578125 0.053125
7 0.37421875 0.35078125 0.06796875 0.0734375
7 0.60703125 0.37578125 0.07578125 0.059375
7 0.72890625 0.40546875 0.090625 0.05859375
7 0.87578125 0.3203125 0.09921875 0.0625
7 0.2640625 0.615625 0.09921875 0.0703125
7 0.49609375 0.634375 0.08828125 0.04375
7 0.70234375 0.6625 0.0921875 0.0609375
7 0.5453125 0.45390625 0.07109375 0.06796875
8 0.85078125 0.41484375 0.0484375 0.06640625
8 0.725 0.48359375 0.05234375 0.05234375
8 0.7015625 0.76171875 0.0546875 0.06875
8 0.4953125 0.72578125 0.06171875 0.065625
8 0.26953125 0.70546875 0.0375 0.0640625
8 0.15234375 0.54375 0.04765625 0.05859375
8 0.29140625 0.42734375 0.0578125 0.05625
8 0.38359375 0.44921875 0.05390625 0.071875
8 0.54453125 0.54921875 0.0546875 0.0625
8 0.58828125 0.46484375 0.05078125 0.06328125