11 0.13984375 0.72265625 0.18046875 0.259375
11 0.2546875 0.88125 0.21953125 0.2375
11 0.71796875 0.9015625 0.21328125 0.19609375
11 0.88359375 0.68359375 0.215625 0.42578125
11 0.72265625 0.634375 0.17421875 0.2015625
11 0.534375 0.67890625 0.21484375 0.22265625
11 0.38515625 0.66953125 0.175 0.36328125
9 0.27265625 0.553125 0.10703125 0.13125
9 0.61484375 0.55703125 0.08359375 0.115625
9 0.50390625 0.884375 0.1828125 0.23125
7 0.14609375 0.47421875 0.075 0.05078125
7 0.3015625 0.3625 0.0578125 0.053125
7 0.39921875 0.35 0.06796875 0.07265625
7 0.59296875 0.37421875 0.07578125 0.059375
7 0.725 0.4046875 0.08984375 0.0578125
7 0.89140625 0.31015625 0.0984375 0.06171875
7 0.2734375 0.62109375 0.09921875 0.06953125
7 0.49765625 0.63359375 0.0875 0.04375
7 0.71171875 0.6578125 0.09140625 0.0609375
7 0.53515625 0.45546875 0.0703125 0.0671875
8 0.8625 0.403125 0.0484375 0.065625
8 0.72265625 0.4984375 0.0515625 0.0515625
8 0.690625 0.75 0.0546875 0.06875
8 0.496875 0.725 0.06171875 0.06484375
8 0.2734375 0.709375 0.0375 0.06328125
8 0.16015625 0.54609375 0.046875 0.05859375
8 0.30234375 0.4296875 0.0578125 0.05546875
8 0.40390625 0.4359375 0.05390625 0.065625
8 0.534375 0.53359375 0.0546875 0.0625
8 0.596875 0.45625 0.05078125 0.06328125