11 0.29609375 0.65078125 0.5171875 0.6984375
3 0.47265625 0.25234375 0.20625 0.35
2 0.540625 0.54375 0.06484375 0.14765625
2 0.7015625 0.55390625 0.065625 0.09921875
2 0.6328125 0.86640625 0.13671875 0.1515625
2 0.5421875 0.70859375 0.075 0.2015625
14 0.4625 0.40078125 0.03359375 0.10546875
14 0.81328125 0.2984375 0.05859375 0.1765625
8 0.4921875 0.44453125 0.08125 0.05390625
8 0.8 0.3796875 0.06328125 0.0921875
3 0.73359375 0.15234375 0.11015625 0.2984375
3 0.70546875 0.028125 0.05703125 0.05546875
11 0.7453125 0.37734375 0.13828125 0.17265625
11 0.82734375 0.67890625 0.3453125 0.6421875