11 0.41328125 0.75390625 0.27578125 0.4921875
11 0.840625 0.7734375 0.30703125 0.45234375
3 0.85234375 0.3 0.1765625 0.21171875
3 0.125 0.10859375 0.22421875 0.21171875
3 0.4546875 0.35546875 0.14921875 0.1828125
6 0.64453125 0.846875 0.090625 0.12109375
6 0.72578125 0.9375 0.0890625 0.11953125
14 0.14765625 0.3125 0.0609375 0.19453125
14 0.43046875 0.48203125 0.028125 0.15
8 0.8109375 0.47265625 0.06875 0.11171875
8 0.18828125 0.33984375 0.06953125 0.11171875
8 0.453125 0.51875 0.065625 0.0609375
11 0.13359375 0.6984375 0.26640625 0.60234375
6 0.225 0.9234375 0.11953125 0.14375
14 0.8609375 0.4484375 0.04453125 0.171875