11 0.31328125 0.64765625 0.5484375 0.68984375
3 0.49609375 0.20859375 0.2375 0.36875
2 0.58125 0.5359375 0.07578125 0.171875
2 0.74453125 0.56015625 0.0828125 0.128125
2 0.6703125 0.88671875 0.13671875 0.1515625
2 0.584375 0.72421875 0.05625 0.215625
14 0.465625 0.3765625 0.03359375 0.10546875
14 0.85625 0.25859375 0.0734375 0.16953125
8 0.496875 0.42109375 0.0890625 0.07265625
8 0.8671875 0.3453125 0.06328125 0.0921875
3 0.78359375 0.125 0.0390625 0.25
11 0.803125 0.37734375 0.13515625 0.1640625
11 0.8484375 0.6703125 0.30234375 0.659375