3 0.1421875 0.196875 0.0234375 0.021875
3 0.25390625 0.15234375 0.0171875 0.028125
3 0.7578125 0.06171875 0.01953125 0.03359375
3 0.67109375 0.04921875 0.0234375 0.02890625
2 0.65546875 0.22109375 0.01171875 0.03046875
2 0.73046875 0.1125 0.01015625 0.015625
2 0.7296875 0.075 0.0109375 0.02265625
2 0.24921875 0.21953125 0.00625 0.0140625
2 0.24140625 0.22578125 0.0078125 0.0171875
2 0.1640625 0.30859375 0.0078125 0.021875
12 0.23359375 0.22109375 0.059375 0.1671875
12 0.153125 0.3046875 0.071875 0.2421875
12 0.69453125 0.1953125 0.084375 0.3203125
12 0.74921875 0.128125 0.0484375 0.165625