3 0.8078125 0.42265625 0.04140625 0.0515625
3 0.67890625 0.45 0.0296875 0.03828125
3 0.65234375 0.44296875 0.03046875 0.03828125
11 0.79609375 0.6671875 0.13828125 0.38515625
11 0.6796875 0.60390625 0.059375 0.2515625
11 0.62734375 0.5859375 0.0546875 0.24140625
13 0.77890625 0.90859375 0.028125 0.06875
13 0.64296875 0.7546875 0.0234375 0.02890625
13 0.68984375 0.73359375 0.02109375 0.03671875
2 0.73515625 0.6671875 0.02265625 0.03671875
13 0.6109375 0.73203125 0.0234375 0.02890625
13 0.8078125 0.875 0.025 0.0421875