11 0.625 0.74375 0.215625 0.5125
11 0.25859375 0.7578125 0.2234375 0.484375
11 0.0953125 0.79296875 0.190625 0.4140625
3 0.25390625 0.31484375 0.14140625 0.16171875
3 0.81640625 0.1765625 0.19140625 0.1703125
3 0.6078125 0.3265625 0.13359375 0.14375
3 0.0640625 0.3875 0.128125 0.25390625
6 0.421875 0.74921875 0.06796875 0.11015625
6 0.359375 0.78671875 0.06640625 0.11953125
6 0.22578125 0.95703125 0.1 0.0859375
6 0.13125 0.8953125 0.0765625 0.0984375
14 0.80703125 0.321875 0.03515625 0.1375
14 0.61484375 0.44296875 0.0265625 0.1015625
14 0.02578125 0.55078125 0.03203125 0.175
8 0.2859375 0.45234375 0.05625 0.0890625
8 0.775 0.3421875 0.0625 0.07734375
8 0.59140625 0.47421875 0.05234375 0.053125
8 0.05703125 0.58203125 0.07421875 0.09609375
11 0.83515625 0.7015625 0.2515625 0.596875
6 0.73671875 0.790625 0.096875 0.1203125
6 0.70234375 0.97109375 0.0265625 0.05703125
14 0.25234375 0.43515625 0.03671875 0.14140625