11 0.1421875 0.73203125 0.184375 0.265625
11 0.2578125 0.8859375 0.225 0.228125
11 0.73125 0.90703125 0.21875 0.1859375
11 0.8953125 0.69140625 0.209375 0.434375
11 0.73671875 0.64140625 0.178125 0.20625
11 0.5453125 0.6875 0.21953125 0.228125
11 0.3921875 0.67734375 0.17890625 0.371875
9 0.27734375 0.55859375 0.109375 0.13359375
9 0.62734375 0.5625 0.08515625 0.11796875
9 0.5140625 0.88984375 0.1875 0.2203125
7 0.1484375 0.478125 0.0765625 0.05234375
7 0.30703125 0.3640625 0.05859375 0.05390625
7 0.40703125 0.35078125 0.06953125 0.075
7 0.60390625 0.37578125 0.07734375 0.0609375
7 0.73984375 0.40625 0.0921875 0.059375
7 0.909375 0.31015625 0.1 0.06328125
7 0.27890625 0.628125 0.10078125 0.07109375
7 0.50703125 0.640625 0.0890625 0.04453125
7 0.72578125 0.665625 0.09375 0.0625
7 0.5453125 0.45859375 0.071875 0.06875
8 0.8796875 0.4046875 0.04921875 0.0671875
8 0.7375 0.503125 0.053125 0.053125
8 0.70390625 0.76015625 0.05546875 0.0703125
8 0.50625 0.734375 0.0625 0.06640625
8 0.278125 0.71875 0.03828125 0.06484375
8 0.16328125 0.5515625 0.0484375 0.059375
8 0.3078125 0.43203125 0.05859375 0.05703125
8 0.41171875 0.43828125 0.05546875 0.0671875
8 0.54453125 0.53828125 0.05546875 0.06328125
8 0.60859375 0.459375 0.0515625 0.06484375