3 0.2203125 0.4890625 0.0953125 0.14765625
3 0.3234375 0.478125 0.08046875 0.115625
3 0.41484375 0.4359375 0.096875 0.12109375
3 0.59765625 0.50078125 0.08828125 0.084375
3 0.83671875 0.45078125 0.12890625 0.14765625
3 0.984375 0.365625 0.03125 0.18046875
11 0.59609375 0.79921875 0.1515625 0.40078125
14 0.5640625 0.5734375 0.01171875 0.0640625
14 0.996875 0.4953125 0.00546875 0.1359375
11 0.81328125 0.7859375 0.2140625 0.428125
11 0.95 0.80234375 0.1 0.3953125
6 0.090625 0.978125 0.040625 0.04296875
6 0.3203125 0.9765625 0.04375 0.046875
6 0.00625 0.77578125 0.01171875 0.0671875
6 0.00703125 0.8875 0.0140625 0.1359375
6 0.2359375 0.3765625 0.028125 0.071875
6 0.30859375 0.39375 0.0328125 0.0421875
14 0.80390625 0.54921875 0.0140625 0.0859375