11 0.13984375 0.72265625 0.18046875 0.259375
11 0.2546875 0.88125 0.21953125 0.2375
11 0.71875 0.9015625 0.21328125 0.19609375
11 0.88359375 0.68359375 0.215625 0.42578125
11 0.72578125 0.63203125 0.18125 0.20703125
11 0.53671875 0.68046875 0.21875 0.225
11 0.38515625 0.66953125 0.175 0.36328125
9 0.27265625 0.553125 0.10703125 0.13125
9 0.6203125 0.56328125 0.07265625 0.1015625
9 0.50390625 0.884375 0.1828125 0.23125
7 0.14609375 0.47421875 0.075 0.05078125
7 0.29296875 0.3625 0.0578125 0.053125
7 0.3765625 0.3515625 0.06796875 0.07265625
7 0.6078125 0.3765625 0.07578125 0.059375
7 0.72890625 0.40546875 0.08984375 0.0578125
7 0.875 0.32109375 0.0984375 0.06171875
7 0.2671875 0.615625 0.09921875 0.06953125
7 0.49765625 0.63359375 0.0875 0.04375
7 0.70234375 0.66171875 0.09140625 0.0609375
7 0.546875 0.45390625 0.0703125 0.0671875
8 0.85 0.415625 0.0484375 0.065625
8 0.725 0.48359375 0.0515625 0.0515625
8 0.7015625 0.76015625 0.0546875 0.06875
8 0.496875 0.725 0.06171875 0.06484375
8 0.27265625 0.7046875 0.0375 0.06328125
8 0.15625 0.54375 0.046875 0.05859375
8 0.29453125 0.428125 0.0578125 0.05546875
8 0.3859375 0.45 0.053125 0.071875
8 0.5453125 0.54921875 0.0546875 0.0625
8 0.5890625 0.46484375 0.05078125 0.06328125