11 0.38828125 0.75234375 0.17734375 0.4953125
11 0.66328125 0.76015625 0.2484375 0.4796875
11 0.83046875 0.784375 0.23125 0.42890625
3 0.6640625 0.38203125 0.11640625 0.1546875
3 0.290625 0.2640625 0.1453125 0.1859375
3 0.37734375 0.35390625 0.10078125 0.1296875
3 0.83984375 0.43125 0.1640625 0.20703125
6 0.1984375 0.971875 0.0796875 0.05078125
6 0.61015625 0.81328125 0.02890625 0.0359375
6 0.728125 0.7796875 0.04921875 0.09375
6 0.68828125 0.8890625 0.05703125 0.09140625
6 0.7515625 0.86484375 0.06015625 0.0515625
14 0.28671875 0.38125 0.02421875 0.1265625
14 0.36796875 0.46796875 0.02578125 0.0984375
14 0.8375 0.55859375 0.02109375 0.1203125
8 0.65625 0.5125 0.05078125 0.06875
8 0.303125 0.40390625 0.059375 0.07265625
8 0.38125 0.484375 0.05390625 0.05546875
8 0.82578125 0.58515625 0.06796875 0.06953125
11 0.2234375 0.69609375 0.215625 0.60625