4 0.57734375 0.2140625 0.02578125 0.0375
4 0.60390625 0.22109375 0.01171875 0.0125
4 0.68359375 0.30859375 0.02578125 0.05390625
4 0.8609375 0.215625 0.025 0.0328125
3 0.86171875 0.17421875 0.03515625 0.05078125
3 0.78046875 0.16953125 0.03515625 0.05
3 0.6828125 0.26171875 0.04453125 0.0703125
3 0.50546875 0.246875 0.04296875 0.0734375
3 0.57578125 0.16015625 0.034375 0.05078125
3 0.60078125 0.18828125 0.02421875 0.04375
12 0.8703125 0.3734375 0.1 0.45078125
12 0.784375 0.38359375 0.08984375 0.4828125
12 0.734375 0.4640625 0.1484375 0.4796875
12 0.61640625 0.2375 0.04921875 0.1375
12 0.58515625 0.22109375 0.1046875 0.1765625
12 0.4640625 0.42109375 0.12421875 0.42421875