4 0.41484375 0.23359375 0.025 0.0359375
4 0.38984375 0.23984375 0.01171875 0.01171875
4 0.31171875 0.325 0.025 0.05234375
4 0.13984375 0.234375 0.02421875 0.03203125
3 0.13828125 0.19453125 0.034375 0.04921875
3 0.2171875 0.18984375 0.034375 0.0484375
3 0.31328125 0.2796875 0.04375 0.06875
3 0.48515625 0.26484375 0.0421875 0.07109375
3 0.41640625 0.18125 0.03359375 0.04921875
3 0.3921875 0.2078125 0.0234375 0.04296875
12 0.13046875 0.38828125 0.096875 0.43828125
12 0.2140625 0.39765625 0.0875 0.46875
12 0.2625 0.4765625 0.14453125 0.46640625
12 0.37734375 0.25546875 0.04765625 0.13359375
12 0.4078125 0.23984375 0.1015625 0.171875
12 0.525 0.434375 0.1203125 0.41171875