3 0.77890625 0.97734375 0.0359375 0.0453125
2 0.74765625 0.6890625 0.01328125 0.021875
2 0.7640625 0.6375 0.01640625 0.0234375
8 0.746875 0.6125 0.009375 0.0265625
3 0.7328125 0.603125 0.01796875 0.04375
3 0.3109375 0.19921875 0.02578125 0.0328125
3 0.5875 0.23046875 0.02578125 0.03828125
12 0.7609375 0.71953125 0.071875 0.2796875
2 0.56640625 0.3515625 0.0140625 0.03828125
2 0.60234375 0.35625 0.0078125 0.03515625
8 0.58671875 0.26015625 0.01015625 0.0140625
12 0.58046875 0.34765625 0.05078125 0.27578125
2 0.32890625 0.3578125 0.01015625 0.03125
2 0.30625 0.33125 0.015625 0.02890625
8 0.309375 0.23046875 0.0109375 0.015625
12 0.30546875 0.3234375 0.05703125 0.2828125