11 0.69453125 0.65703125 0.6109375 0.6859375
11 0.11484375 0.70703125 0.2296875 0.5859375
3 0.52109375 0.19375 0.25 0.3875
2 0.4 0.5671875 0.08125 0.19296875
2 0.20859375 0.6109375 0.08828125 0.16953125
2 0.29453125 0.9359375 0.16796875 0.128125
2 0.40703125 0.78125 0.1109375 0.23125
14 0.55078125 0.3671875 0.04140625 0.12734375
14 0.04453125 0.22890625 0.0890625 0.221875
8 0.525 0.4375 0.09375 0.0765625
8 0.06015625 0.3484375 0.0671875 0.12890625
3 0.1328125 0.17265625 0.0796875 0.15390625
11 0.12421875 0.4171875 0.13984375 0.165625