11 0.38125 0.7375 0.234375 0.525
11 0.73671875 0.75234375 0.2421875 0.49296875
3 0.74296875 0.28828125 0.13671875 0.15703125
3 0.17265625 0.16015625 0.1859375 0.16484375
3 0.41328125 0.32265625 0.1359375 0.16640625
6 0.57578125 0.746875 0.07890625 0.10703125
6 0.63828125 0.81328125 0.07265625 0.115625
6 0.81484375 0.98828125 0.06171875 0.021875
6 0.959375 0.93046875 0.0765625 0.0953125
14 0.178125 0.31328125 0.046875 0.14140625
14 0.396875 0.43359375 0.02578125 0.0984375
8 0.721875 0.4421875 0.08125 0.1015625
8 0.20546875 0.33359375 0.0609375 0.075
8 0.415625 0.47265625 0.06015625 0.05546875
11 0.1421875 0.696875 0.2484375 0.60625
6 0.23984375 0.77421875 0.09765625 0.11640625
6 0.296875 0.978125 0.034375 0.04375
14 0.7484375 0.42578125 0.03359375 0.15