11 0.3609375 0.75078125 0.24921875 0.4984375
11 0.740625 0.7671875 0.25859375 0.465625
3 0.74765625 0.3015625 0.14609375 0.16796875
3 0.1390625 0.16484375 0.19765625 0.1765625
3 0.39609375 0.33828125 0.1453125 0.17734375
6 0.56875 0.7921875 0.08359375 0.1140625
6 0.6359375 0.86328125 0.07734375 0.1234375
6 0.96875 0.96796875 0.0625 0.0640625
14 0.14453125 0.32890625 0.05 0.15078125
14 0.378125 0.45703125 0.02734375 0.1046875
8 0.725 0.4671875 0.08671875 0.10859375
8 0.17421875 0.35078125 0.06484375 0.08046875
8 0.3984375 0.49921875 0.0640625 0.059375
11 0.11953125 0.70703125 0.2390625 0.5859375
6 0.2109375 0.82109375 0.10390625 0.12421875
14 0.75390625 0.44921875 0.0359375 0.16015625