11 0.59453125 0.7609375 0.196875 0.478125
11 0.30546875 0.76953125 0.2609375 0.4609375
11 0.125 0.79609375 0.25 0.4078125
3 0.31328125 0.3765625 0.1265625 0.16796875
3 0.70078125 0.24765625 0.15546875 0.184375
3 0.596875 0.34296875 0.1234375 0.1390625
3 0.1109375 0.44453125 0.1671875 0.22109375
6 0.35234375 0.84921875 0.05390625 0.04765625
6 0.28203125 0.79296875 0.05234375 0.1
6 0.26875 0.934375 0.0609375 0.096875
6 0.19140625 0.90625 0.0640625 0.05546875
14 0.709375 0.37734375 0.0265625 0.13515625
14 0.60625 0.46328125 0.02734375 0.1046875
14 0.103125 0.56953125 0.02265625 0.128125
8 0.31484375 0.52578125 0.0546875 0.06953125
8 0.6921875 0.4015625 0.06640625 0.07734375
8 0.58828125 0.47734375 0.06015625 0.05859375
8 0.11640625 0.60234375 0.07265625 0.06484375
11 0.74921875 0.7015625 0.18984375 0.59609375