11 0.39765625 0.7359375 0.2640625 0.528125
11 0.79765625 0.75390625 0.2796875 0.4921875
3 0.81640625 0.278125 0.1765625 0.19296875
3 0.1125 0.10546875 0.225 0.2078125
3 0.43203125 0.31328125 0.146875 0.19609375
6 0.61171875 0.7828125 0.0828125 0.11015625
6 0.69140625 0.878125 0.09375 0.10859375
14 0.140625 0.29296875 0.05546875 0.1765625
14 0.4125 0.4453125 0.02578125 0.1359375
8 0.76640625 0.43984375 0.0625 0.1015625
8 0.18125 0.31953125 0.06328125 0.10078125
8 0.43125 0.48359375 0.06015625 0.06640625
11 0.12265625 0.6859375 0.2453125 0.628125
6 0.22109375 0.85546875 0.10859375 0.13046875
14 0.8203125 0.4171875 0.040625 0.15625