11 0.603125 0.7515625 0.2125 0.496875
11 0.2390625 0.778125 0.2453125 0.44375
11 0.1109375 0.8015625 0.22109375 0.396875
3 0.24921875 0.36171875 0.13359375 0.16640625
3 0.759375 0.2140625 0.1765625 0.175
3 0.58828125 0.34375 0.12734375 0.1484375
3 0.08671875 0.421875 0.1734375 0.2328125
6 0.38984375 0.80234375 0.05390625 0.1
6 0.3125 0.82734375 0.06875 0.10546875
6 0.2515625 0.96171875 0.06015625 0.0765625
6 0.16640625 0.909375 0.0640625 0.07265625
14 0.75234375 0.371875 0.02578125 0.134375
14 0.59375 0.4578125 0.02734375 0.10390625
14 0.0796875 0.565625 0.02265625 0.12734375
8 0.25625 0.521875 0.0578125 0.0671875
8 0.7296875 0.375 0.06484375 0.0765625
8 0.5765625 0.48984375 0.05390625 0.0515625
8 0.1078125 0.6046875 0.0546875 0.06484375
11 0.78828125 0.7078125 0.21875 0.584375
6 0.68515625 0.80625 0.09921875 0.1046875
6 0.66875 0.99140625 0.025 0.0171875
14 0.23203125 0.5015625 0.03125 0.14609375