3 0.80078125 0.459375 0.103125 0.16015625
3 0.68515625 0.4453125 0.0859375 0.134375
3 0.5875 0.40625 0.10625 0.14140625
3 0.3953125 0.4703125 0.090625 0.09375
3 0.1421875 0.42421875 0.13984375 0.1578125
11 0.39765625 0.79609375 0.16015625 0.40703125
14 0.4296875 0.55546875 0.01171875 0.075
11 0.15703125 0.7796875 0.2234375 0.43984375
11 0.034375 0.82265625 0.06796875 0.35390625
6 0.68671875 0.98515625 0.0359375 0.0296875
6 0.77734375 0.3390625 0.03515625 0.0921875
6 0.70390625 0.35234375 0.0375 0.05390625
14 0.17734375 0.540625 0.0140625 0.10859375