11 0.38359375 0.7359375 0.1953125 0.52734375
11 0.68671875 0.7453125 0.2734375 0.509375
11 0.86953125 0.771875 0.25390625 0.45546875
3 0.68671875 0.3375 0.128125 0.1703125
3 0.27734375 0.2078125 0.16015625 0.2046875
3 0.37265625 0.30703125 0.1109375 0.14296875
3 0.8796875 0.3921875 0.18046875 0.228125
6 0.17421875 0.97890625 0.0859375 0.0421875
6 0.628125 0.8125 0.03203125 0.03984375
6 0.7578125 0.77578125 0.05390625 0.103125
6 0.7140625 0.89609375 0.0625 0.1
6 0.7828125 0.86953125 0.06640625 0.05703125
14 0.27265625 0.3375 0.0265625 0.1390625
14 0.36171875 0.4328125 0.028125 0.1078125
14 0.87734375 0.53203125 0.0234375 0.13203125
8 0.67890625 0.48203125 0.05625 0.075
8 0.290625 0.3625 0.065625 0.0796875
8 0.3765625 0.45078125 0.05859375 0.0609375
8 0.8640625 0.56171875 0.075 0.0765625
11 0.20234375 0.67421875 0.23671875 0.6515625