11 0.371875 0.7375 0.209375 0.525
11 0.7265625 0.75078125 0.2171875 0.496875
11 0.89609375 0.784375 0.2078125 0.42890625
3 0.73046875 0.30625 0.13671875 0.15703125
3 0.1859375 0.17265625 0.1859375 0.16484375
3 0.3875 0.31796875 0.1296875 0.13984375
3 0.92578125 0.37734375 0.1484375 0.2453125
6 0.56796875 0.72734375 0.065625 0.10703125
6 0.62890625 0.7640625 0.06484375 0.115625
6 0.7578125 0.94453125 0.096875 0.1109375
6 0.84921875 0.86953125 0.07421875 0.0953125
14 0.19453125 0.3140625 0.03359375 0.1328125
14 0.38046875 0.43125 0.02578125 0.0984375
14 0.9515625 0.53515625 0.03046875 0.16953125
8 0.7 0.43984375 0.05390625 0.08671875
8 0.22578125 0.3328125 0.0609375 0.075
8 0.40390625 0.4609375 0.05078125 0.0515625
8 0.921875 0.565625 0.071875 0.09375
11 0.16875 0.696875 0.24296875 0.60625
6 0.26328125 0.7671875 0.09375 0.11640625
6 0.296875 0.9578125 0.02578125 0.084375
14 0.7328125 0.42265625 0.0359375 0.1375