11 0.61796875 0.74765625 0.24765625 0.5046875
11 0.240625 0.7640625 0.25703125 0.471875
3 0.23359375 0.296875 0.1453125 0.16640625
3 0.8390625 0.1609375 0.196875 0.175
3 0.58359375 0.33359375 0.14453125 0.1765625
6 0.41171875 0.784375 0.08359375 0.11328125
6 0.34453125 0.8546875 0.07734375 0.1234375
6 0.0234375 0.96328125 0.04375 0.0734375
14 0.83359375 0.32421875 0.04921875 0.15
14 0.6015625 0.4515625 0.02734375 0.10390625
8 0.25625 0.4609375 0.0859375 0.1078125
8 0.8046875 0.34609375 0.06484375 0.0796875
8 0.58125 0.49296875 0.0640625 0.059375
11 0.86953125 0.70390625 0.26015625 0.59140625
6 0.76796875 0.81328125 0.103125 0.1234375
14 0.22734375 0.44375 0.0359375 0.159375