11 0.28203125 0.65078125 0.4703125 0.6984375
11 0.80078125 0.6359375 0.3984375 0.72578125
3 0.46484375 0.25390625 0.20625 0.32421875
3 0.65390625 0.0546875 0.0484375 0.109375
2 0.515625 0.53359375 0.06484375 0.14765625
2 0.6546875 0.5421875 0.065625 0.09921875
2 0.584375 0.81875 0.13671875 0.1515625
2 0.515625 0.6859375 0.05859375 0.18125
2 0.66484375 0.81484375 0.040625 0.04453125
14 0.44296875 0.39921875 0.03359375 0.10546875
14 0.7453125 0.3234375 0.06640625 0.16953125
8 0.4671875 0.43984375 0.08125 0.05
8 0.7296875 0.378125 0.06328125 0.0921875
3 0.725 0.159375 0.128125 0.30390625
11 0.8609375 0.221875 0.046875 0.09453125