3 0.203125 0.49453125 0.084375 0.125
3 0.3 0.48984375 0.0765625 0.1171875
3 0.3875 0.45625 0.09140625 0.10625
3 0.55390625 0.5140625 0.0875 0.08984375
3 0.77265625 0.47265625 0.1203125 0.1328125
3 0.9453125 0.38046875 0.109375 0.16875
11 0.55390625 0.8046875 0.13671875 0.390625
14 0.52421875 0.584375 0.0125 0.06796875
14 0.740625 0.56015625 0.015625 0.075
14 0.925 0.51796875 0.01875 0.1453125
11 0.75625 0.79296875 0.1984375 0.41328125
11 0.9171875 0.7921875 0.165625 0.41484375
6 0.0109375 0.87578125 0.02109375 0.1078125
6 0.2203125 0.39453125 0.0296875 0.0765625
6 0.284375 0.4125 0.0265625 0.0375