3 0.99453125 0.55078125 0.0109375 0.1359375
3 0.76171875 0.49296875 0.0921875 0.13515625
3 0.66484375 0.47890625 0.07265625 0.11015625
3 0.58359375 0.44765625 0.0859375 0.11953125
3 0.42109375 0.50234375 0.08203125 0.084375
3 0.20625 0.45625 0.12109375 0.1328125
3 0.04609375 0.375 0.0921875 0.159375
11 0.41875 0.79609375 0.140625 0.4078125
14 0.44765625 0.5671875 0.01171875 0.0640625
14 0.2359375 0.54375 0.01875 0.07578125
14 0.05703125 0.49609375 0.01796875 0.1375
11 0.22109375 0.7859375 0.1953125 0.428125
11 0.07578125 0.784375 0.15078125 0.43125
6 0.87734375 0.978125 0.040625 0.04296875
6 0.67109375 0.9765625 0.0421875 0.046875
6 0.96953125 0.76484375 0.03984375 0.05234375
6 0.97109375 0.84921875 0.0578125 0.11328125
6 0.74453125 0.3875 0.028125 0.071875
6 0.6796875 0.40625 0.025 0.0359375