11 0.12890625 0.73359375 0.18359375 0.2640625
11 0.24453125 0.88671875 0.22265625 0.22578125
11 0.715625 0.90703125 0.215625 0.1859375
11 0.88359375 0.69375 0.21875 0.4328125
11 0.72421875 0.64140625 0.184375 0.21015625
11 0.53125 0.690625 0.221875 0.22890625
11 0.37734375 0.67890625 0.178125 0.36953125
9 0.26328125 0.5609375 0.10859375 0.1328125
9 0.6171875 0.571875 0.0734375 0.10390625
9 0.4984375 0.890625 0.18671875 0.21875
7 0.13515625 0.48125 0.07578125 0.0515625
7 0.284375 0.3671875 0.05859375 0.05390625
7 0.36875 0.35625 0.06875 0.07421875
7 0.60390625 0.38203125 0.0765625 0.06015625
7 0.7265625 0.4109375 0.09140625 0.05859375
7 0.875 0.325 0.1 0.06328125
7 0.25859375 0.62421875 0.10078125 0.07109375
7 0.4921875 0.64296875 0.0890625 0.04453125
7 0.7 0.67109375 0.09296875 0.06171875
7 0.5421875 0.46015625 0.071875 0.06875
8 0.85 0.42109375 0.04921875 0.0671875
8 0.7234375 0.490625 0.05234375 0.05234375
8 0.69921875 0.77109375 0.05546875 0.06953125
8 0.490625 0.7359375 0.0625 0.06640625
8 0.26328125 0.71484375 0.0375 0.06484375
8 0.1453125 0.5515625 0.04765625 0.059375
8 0.28515625 0.43359375 0.05859375 0.05703125
8 0.378125 0.45625 0.05390625 0.07265625
8 0.540625 0.55703125 0.05546875 0.06328125
8 0.58515625 0.47109375 0.0515625 0.0640625