11 0.29765625 0.65078125 0.56328125 0.6984375
3 0.48671875 0.20546875 0.24375 0.3796875
2 0.5734375 0.5421875 0.078125 0.1765625
2 0.74140625 0.5671875 0.08515625 0.13203125
2 0.66484375 0.903125 0.13984375 0.15546875
2 0.57734375 0.73671875 0.0578125 0.221875
14 0.45546875 0.37890625 0.034375 0.10859375
14 0.85703125 0.2578125 0.075 0.17421875
8 0.48671875 0.42421875 0.09140625 0.075
8 0.86796875 0.346875 0.06484375 0.0953125
3 0.78203125 0.12421875 0.0390625 0.2484375
11 0.80234375 0.3796875 0.13828125 0.16875
11 0.846875 0.6703125 0.30625 0.659375