3 0.21640625 0.475 0.0921875 0.14296875
3 0.3234375 0.45625 0.08359375 0.13046875
3 0.4140625 0.42421875 0.103125 0.1375
3 0.59140625 0.4828125 0.0859375 0.0875
3 0.828125 0.44140625 0.12890625 0.15390625
3 0.9796875 0.365625 0.040625 0.08125
11 0.59453125 0.79609375 0.15546875 0.40703125
14 0.559375 0.55703125 0.01171875 0.06171875
14 0.99140625 0.4828125 0.0171875 0.1328125
11 0.8125 0.7796875 0.21796875 0.440625
11 0.94765625 0.81015625 0.1046875 0.37890625
6 0.0859375 0.9765625 0.03515625 0.046875
6 0.32109375 0.9703125 0.03515625 0.059375
6 0.23671875 0.359375 0.02734375 0.07890625
6 0.3078125 0.38125 0.03671875 0.05234375
14 0.790625 0.53359375 0.0140625 0.08359375