3 0.02109375 0.53671875 0.04140625 0.13203125
3 0.259375 0.46953125 0.07734375 0.1140625
3 0.3484375 0.46640625 0.0703125 0.10703125
3 0.428125 0.43515625 0.08359375 0.096875
3 0.58046875 0.48828125 0.0796875 0.08203125
3 0.78125 0.45 0.11015625 0.121875
3 0.94453125 0.36640625 0.1109375 0.15390625
11 0.5796875 0.7875 0.125 0.425
14 0.553125 0.55234375 0.01171875 0.06171875
14 0.7515625 0.5296875 0.0140625 0.06875
14 0.9203125 0.49140625 0.0171875 0.1328125
11 0.76640625 0.77734375 0.18125 0.4453125
11 0.91875 0.7765625 0.1625 0.446875
6 0.1515625 0.96484375 0.0390625 0.0703125
6 0.34296875 0.96328125 0.0421875 0.0734375
6 0.0578125 0.734375 0.0390625 0.05078125
6 0.06484375 0.81953125 0.05625 0.0984375
6 0.275 0.37890625 0.02734375 0.06953125
6 0.33359375 0.39453125 0.02421875 0.034375