11 0.6703125 0.74609375 0.1953125 0.5078125
11 0.36953125 0.75546875 0.26953125 0.4890625
11 0.17890625 0.78203125 0.26640625 0.4359375
3 0.378125 0.34921875 0.13046875 0.1875
3 0.7765625 0.22734375 0.16015625 0.2046875
3 0.67578125 0.30859375 0.1109375 0.14296875
3 0.1703125 0.41171875 0.171875 0.228125
6 0.41015625 0.8328125 0.03203125 0.03984375
6 0.3203125 0.77890625 0.05390625 0.103125
6 0.33203125 0.92890625 0.0625 0.1
6 0.25703125 0.88203125 0.06640625 0.05703125
14 0.78046875 0.34296875 0.0265625 0.1390625
14 0.6890625 0.43125 0.028125 0.1078125
14 0.17109375 0.540625 0.0234375 0.13203125
8 0.3765625 0.50078125 0.05625 0.0640625
8 0.759375 0.371875 0.06484375 0.0796875
8 0.675 0.45 0.0671875 0.0609375
8 0.19140625 0.58125 0.05703125 0.0765625
11 0.83515625 0.68515625 0.2125 0.6296875