11 0.871875 0.74921875 0.190625 0.27421875
11 0.7515625 0.8953125 0.23125 0.209375
11 0.26328125 0.9171875 0.22578125 0.165625
11 0.1015625 0.70859375 0.20234375 0.4484375
11 0.2578125 0.65625 0.18359375 0.21328125
11 0.45625 0.70390625 0.2265625 0.23515625
11 0.6140625 0.69296875 0.184375 0.38359375
9 0.7328125 0.5703125 0.11328125 0.13828125
9 0.37109375 0.575 0.08828125 0.121875
9 0.48828125 0.89921875 0.19375 0.20078125
7 0.865625 0.4875 0.07890625 0.05390625
7 0.70234375 0.36953125 0.0609375 0.05625
7 0.5984375 0.35625 0.071875 0.07734375
7 0.39453125 0.38203125 0.0796875 0.0625
7 0.2546875 0.4140625 0.0953125 0.0609375
7 0.0796875 0.3140625 0.10390625 0.065625
7 0.73125 0.64296875 0.1046875 0.0734375
7 0.4953125 0.65546875 0.0921875 0.04609375
7 0.26875 0.68125 0.096875 0.0640625
7 0.45546875 0.4671875 0.07421875 0.07109375
8 0.11015625 0.4125 0.05078125 0.06953125
8 0.25703125 0.51328125 0.0546875 0.0546875
8 0.29140625 0.77890625 0.0578125 0.07265625
8 0.49609375 0.75234375 0.06484375 0.06875
8 0.73125 0.7359375 0.0390625 0.0671875
8 0.85078125 0.56328125 0.05 0.06171875
8 0.70078125 0.43984375 0.0609375 0.05859375
8 0.59375 0.446875 0.05703125 0.06875
8 0.45625 0.55 0.0578125 0.065625
8 0.390625 0.46875 0.053125 0.06640625