11 0.390625 0.740625 0.24921875 0.51875
11 0.75546875 0.75859375 0.2625 0.4828125
3 0.77578125 0.30078125 0.16484375 0.17890625
3 0.15703125 0.15 0.1890625 0.16875
3 0.4296875 0.346875 0.1390625 0.1703125
6 0.58828125 0.771875 0.08046875 0.109375
6 0.65703125 0.8515625 0.0828125 0.11875
14 0.16328125 0.315625 0.04140625 0.16796875
14 0.41484375 0.46015625 0.0265625 0.1390625
8 0.74765625 0.4515625 0.0828125 0.10390625
8 0.19453125 0.3421875 0.0609375 0.0984375
8 0.428125 0.48671875 0.0609375 0.05703125
11 0.13359375 0.6984375 0.2671875 0.603125
6 0.23203125 0.80390625 0.103125 0.1296875
6 0.3015625 0.99375 0.04375 0.0125
14 0.77421875 0.43203125 0.0375 0.1703125