11 0.375 0.753125 0.19375 0.49375
11 0.66015625 0.7625 0.25703125 0.475
11 0.84609375 0.7875 0.2640625 0.425
3 0.6515625 0.3640625 0.125 0.16484375
3 0.27109375 0.2375 0.153125 0.18125
3 0.37265625 0.33125 0.12109375 0.1359375
3 0.85078125 0.43046875 0.16484375 0.2171875
6 0.61328125 0.828125 0.053125 0.046875
6 0.68203125 0.7734375 0.0515625 0.0984375
6 0.69609375 0.9125 0.059375 0.0953125
6 0.77109375 0.884375 0.06328125 0.0546875
14 0.26171875 0.36484375 0.02578125 0.1328125
14 0.3640625 0.44921875 0.02734375 0.103125
14 0.85859375 0.55390625 0.021875 0.12578125
8 0.65078125 0.51015625 0.053125 0.06875
8 0.27890625 0.38828125 0.065625 0.07578125
8 0.38125 0.46328125 0.059375 0.0578125
8 0.8453125 0.5859375 0.071875 0.0640625
11 0.22265625 0.6953125 0.18671875 0.609375