11 0.86875 0.7390625 0.190625 0.27421875
11 0.73125 0.890625 0.22421875 0.21875
11 0.246875 0.91171875 0.22578125 0.17578125
11 0.0890625 0.6953125 0.178125 0.4484375
11 0.2390625 0.64296875 0.190625 0.21953125
11 0.43828125 0.6953125 0.23046875 0.2375
11 0.590625 0.684375 0.2 0.38125
9 0.7171875 0.56015625 0.11328125 0.13828125
9 0.3546875 0.5921875 0.09609375 0.1671875
9 0.47421875 0.89453125 0.19296875 0.2109375
7 0.85859375 0.47734375 0.07890625 0.05390625
7 0.70703125 0.36640625 0.05703125 0.046875
7 0.59453125 0.3484375 0.071875 0.07734375
7 0.37109375 0.3875 0.08671875 0.06796875
7 0.2375 0.41015625 0.0953125 0.0609375
7 0.08203125 0.32109375 0.10390625 0.065625
7 0.725 0.63515625 0.1046875 0.0734375
7 0.4828125 0.65390625 0.0921875 0.04609375
7 0.2625 0.67890625 0.096875 0.0640625
7 0.44296875 0.4640625 0.07890625 0.075
8 0.1078125 0.42890625 0.05078125 0.06953125
8 0.23984375 0.50078125 0.0546875 0.0546875
8 0.2625 0.7921875 0.0578125 0.07265625
8 0.459375 0.75390625 0.06484375 0.06875
8 0.69375 0.7390625 0.0390625 0.0671875
8 0.8390625 0.55859375 0.05 0.06171875
8 0.703125 0.4390625 0.0609375 0.05859375
8 0.58515625 0.45546875 0.05625 0.07578125
8 0.4328125 0.54296875 0.0578125 0.065625
8 0.3828125 0.4671875 0.053125 0.06640625