3 0.76640625 0.490625 0.1 0.15546875
3 0.65859375 0.478125 0.084375 0.121875
3 0.56171875 0.43359375 0.1015625 0.12734375
3 0.3703125 0.50234375 0.0921875 0.0890625
3 0.11953125 0.44921875 0.1359375 0.15546875
11 0.371875 0.80234375 0.159375 0.3953125
14 0.40546875 0.57890625 0.0125 0.0671875
11 0.14375 0.78828125 0.22421875 0.42265625
11 0.02578125 0.80546875 0.0515625 0.3890625
6 0.903125 0.99140625 0.0421875 0.01640625
6 0.6609375 0.98984375 0.04453125 0.01953125
6 0.99296875 0.7921875 0.0140625 0.07109375
6 0.9921875 0.909375 0.015625 0.14375
6 0.75078125 0.37109375 0.0296875 0.07578125
6 0.67421875 0.38984375 0.034375 0.04453125
14 0.15390625 0.553125 0.01484375 0.090625