3 0.528125 0.2875 0.04609375 0.0828125
3 0.70703125 0.2734375 0.05703125 0.0625
3 0.6546875 0.3859375 0.0171875 0.03828125
3 0.3390625 0.48203125 0.0234375 0.0390625
3 0.2171875 0.30546875 0.015625 0.025
2 0.21875 0.4390625 0.0125 0.03046875
2 0.328125 0.6046875 0.009375 0.02109375
3 0.4828125 0.50390625 0.0171875 0.03203125
12 0.490625 0.52265625 0.03203125 0.06953125
12 0.3421875 0.5390625 0.06328125 0.15390625
12 0.2109375 0.4359375 0.0375 0.278125
8 0.21953125 0.3375 0.01015625 0.0171875
8 0.33984375 0.51875 0.0109375 0.015625
8 0.53671875 0.34296875 0.02109375 0.028125
8 0.70625 0.34296875 0.03203125 0.0359375
12 0.546875 0.53828125 0.09375 0.5890625
12 0.659375 0.42421875 0.02578125 0.11484375
12 0.7203125 0.55625 0.11640625 0.63671875
2 0.66953125 0.56875 0.01640625 0.06796875
2 0.7625 0.58515625 0.02265625 0.06640625