3 0.22578125 0.47578125 0.0921875 0.14296875
3 0.32578125 0.46484375 0.078125 0.11171875
3 0.41484375 0.42421875 0.09375 0.1171875
3 0.59140625 0.48671875 0.08515625 0.08203125
3 0.82265625 0.43828125 0.125 0.14296875
3 0.97578125 0.35625 0.0484375 0.175
11 0.590625 0.79140625 0.14765625 0.41640625
14 0.559375 0.55703125 0.01171875 0.06171875
14 0.98515625 0.48203125 0.0171875 0.1328125
11 0.80078125 0.77578125 0.20703125 0.440625
11 0.94296875 0.79375 0.1140625 0.41171875
6 0.10078125 0.96484375 0.0390625 0.0703125
6 0.3234375 0.96328125 0.040625 0.0734375
6 0.0125 0.7546875 0.02421875 0.06484375
6 0.01328125 0.8625 0.02578125 0.13125
6 0.240625 0.36640625 0.02734375 0.06953125
6 0.3109375 0.38359375 0.03203125 0.040625
14 0.790625 0.53359375 0.0140625 0.08359375