3 0.01015625 0.53671875 0.0203125 0.13203125
3 0.24609375 0.4796875 0.0890625 0.13046875
3 0.3421875 0.46328125 0.0703125 0.10703125
3 0.42265625 0.434375 0.08359375 0.11640625
3 0.58046875 0.48828125 0.0796875 0.08203125
3 0.79453125 0.44609375 0.1171875 0.12890625
3 0.95390625 0.365625 0.0921875 0.153125
11 0.5859375 0.78828125 0.13984375 0.42265625
14 0.55546875 0.55234375 0.01171875 0.06171875
14 0.76640625 0.52890625 0.01875 0.0734375
14 0.940625 0.4828125 0.0171875 0.1328125
11 0.775 0.778125 0.1890625 0.44296875
11 0.925 0.78671875 0.15 0.42421875
6 0.13125 0.96484375 0.0390625 0.0703125
6 0.33359375 0.96328125 0.0421875 0.0734375
6 0.0484375 0.74296875 0.0390625 0.05078125
6 0.04453125 0.83359375 0.05703125 0.109375
6 0.2671875 0.37734375 0.02734375 0.06953125
6 0.3296875 0.39453125 0.02421875 0.034375