3 0.18984375 0.42734375 0.040625 0.05078125
3 0.31796875 0.4546875 0.0296875 0.0375
3 0.34453125 0.4484375 0.0296875 0.0375
11 0.2015625 0.66953125 0.13671875 0.38125
11 0.3171875 0.60703125 0.05859375 0.24921875
11 0.36796875 0.5890625 0.05390625 0.23828125
13 0.21875 0.9078125 0.028125 0.06796875
13 0.353125 0.75625 0.0234375 0.028125
13 0.30703125 0.73515625 0.0203125 0.03671875
2 0.2625 0.66953125 0.02265625 0.0359375
13 0.38515625 0.73359375 0.0234375 0.028125
13 0.18984375 0.875 0.02421875 0.0421875