11 0.32265625 0.64375 0.6359375 0.7125
11 0.9 0.69375 0.2 0.6125
3 0.509375 0.18046875 0.25 0.3609375
2 0.63046875 0.540625 0.08125 0.19296875
2 0.82109375 0.58515625 0.08828125 0.16953125
2 0.7359375 0.92265625 0.16796875 0.1546875
2 0.6234375 0.7546875 0.1109375 0.23125
14 0.4796875 0.340625 0.04140625 0.12734375
14 0.9703125 0.20234375 0.059375 0.221875
8 0.50546875 0.4109375 0.09375 0.0765625
8 0.96796875 0.3203125 0.0640625 0.128125
3 0.89765625 0.14609375 0.0796875 0.15390625
11 0.90625 0.39140625 0.13984375 0.165625