11 0.24375 0.65078125 0.45625 0.6984375
11 0.7671875 0.63203125 0.46484375 0.73515625
11 0.80703125 0.26953125 0.08671875 0.221875
3 0.3953125 0.240625 0.19296875 0.28984375
3 0.6625 0.0546875 0.146875 0.109375
2 0.47109375 0.50859375 0.05859375 0.14140625
2 0.596875 0.5109375 0.065625 0.09921875
2 0.53671875 0.76640625 0.1171875 0.13984375
2 0.47109375 0.6625 0.065625 0.16953125
2 0.61484375 0.7546875 0.06171875 0.08515625
14 0.37734375 0.390625 0.03359375 0.10546875
14 0.6625 0.3140625 0.053125 0.16171875
8 0.40078125 0.42265625 0.08125 0.05
8 0.6515625 0.359375 0.04765625 0.08203125
3 0.68828125 0.178125 0.18359375 0.278125