11 0.615625 0.7328125 0.25703125 0.534375
11 0.21875 0.7515625 0.28515625 0.496875
3 0.2078125 0.27265625 0.1640625 0.196875
3 0.88359375 0.096875 0.2078125 0.19296875
3 0.57734375 0.32421875 0.1390625 0.1703125
6 0.40078125 0.78125 0.084375 0.1125
6 0.325 0.865625 0.0828125 0.1109375
14 0.8625 0.284375 0.05625 0.18125
14 0.59921875 0.4421875 0.0265625 0.1390625
8 0.2453125 0.43359375 0.0640625 0.10390625
8 0.825 0.31015625 0.06484375 0.103125
8 0.57890625 0.47578125 0.0609375 0.05703125
11 0.8765625 0.68125 0.246875 0.6375
6 0.790625 0.85234375 0.1109375 0.13359375
14 0.2 0.4109375 0.04140625 0.159375