11 0.390625 0.7171875 0.271875 0.565625
11 0.78828125 0.73671875 0.2859375 0.5265625
3 0.81015625 0.2390625 0.17890625 0.19453125
3 0.1359375 0.08359375 0.20625 0.16640625
3 0.434375 0.2890625 0.1515625 0.18515625
6 0.60703125 0.75 0.0875 0.11875
6 0.68125 0.8375 0.08984375 0.12890625
14 0.14453125 0.25546875 0.0453125 0.18203125
14 0.41796875 0.4125 0.02890625 0.1515625
8 0.7796875 0.40234375 0.090625 0.11328125
8 0.17734375 0.284375 0.06640625 0.10703125
8 0.43203125 0.440625 0.06640625 0.06171875
11 0.12890625 0.671875 0.2578125 0.65625
6 0.21875 0.78515625 0.11171875 0.140625
6 0.2953125 0.99296875 0.046875 0.0140625
14 0.809375 0.38125 0.040625 0.184375