11 0.278125 0.65390625 0.47890625 0.69140625
11 0.8015625 0.6390625 0.396875 0.721875
3 0.4640625 0.259375 0.2109375 0.33125
3 0.6578125 0.05625 0.0484375 0.1125
2 0.515625 0.5453125 0.06640625 0.15078125
2 0.6578125 0.5546875 0.0671875 0.1015625
2 0.5859375 0.8375 0.1390625 0.1546875
2 0.515625 0.7015625 0.059375 0.18515625
2 0.66875 0.83359375 0.04140625 0.04609375
14 0.4421875 0.40859375 0.034375 0.1078125
14 0.75078125 0.33125 0.06796875 0.1734375
8 0.46640625 0.44921875 0.0828125 0.05078125
8 0.734375 0.38671875 0.06484375 0.09453125
3 0.7296875 0.1625 0.13046875 0.3109375
11 0.86875 0.22734375 0.04765625 0.09609375