11 0.58203125 0.76953125 0.19296875 0.4609375
11 0.28515625 0.778125 0.2671875 0.44375
11 0.1140625 0.8046875 0.228125 0.390625
3 0.29296875 0.39765625 0.12890625 0.18515625
3 0.68671875 0.27734375 0.1578125 0.20234375
3 0.5875 0.3578125 0.109375 0.14140625
3 0.0875 0.46015625 0.1703125 0.225
6 0.32421875 0.87578125 0.03203125 0.0390625
6 0.2359375 0.821875 0.053125 0.1015625
6 0.24765625 0.96015625 0.06171875 0.0796875
6 0.1734375 0.92421875 0.065625 0.05625
14 0.690625 0.39140625 0.0265625 0.1375
14 0.6 0.47890625 0.028125 0.10703125
14 0.0890625 0.5875 0.02265625 0.13046875
8 0.2921875 0.54765625 0.05546875 0.06328125
8 0.6703125 0.4203125 0.0640625 0.07890625
8 0.58671875 0.49765625 0.06640625 0.06015625
8 0.10859375 0.62734375 0.05625 0.07578125
11 0.74453125 0.709375 0.21015625 0.58125