11 0.3859375 0.7359375 0.24375 0.528125
11 0.74453125 0.753125 0.2578125 0.49140625
3 0.7640625 0.2953125 0.1609375 0.175
3 0.1578125 0.1484375 0.1859375 0.16484375
3 0.425 0.340625 0.1359375 0.16640625
6 0.58046875 0.75625 0.07890625 0.10703125
6 0.64765625 0.834375 0.08125 0.115625
14 0.1640625 0.31015625 0.040625 0.1640625
14 0.4109375 0.4515625 0.02578125 0.1359375
8 0.7359375 0.4421875 0.08125 0.1015625
8 0.19453125 0.3359375 0.059375 0.09609375
8 0.4234375 0.47734375 0.06015625 0.05546875
11 0.13359375 0.6953125 0.26640625 0.609375
6 0.23125 0.7875 0.10078125 0.1265625
6 0.30078125 0.984375 0.04140625 0.03125
14 0.7625 0.4234375 0.03671875 0.16640625