3 0.228125 0.475 0.09375 0.1453125
3 0.33359375 0.46171875 0.07890625 0.1140625
3 0.4234375 0.425 0.0953125 0.11953125
3 0.59609375 0.4890625 0.08671875 0.08359375
3 0.82734375 0.44140625 0.125 0.134375
3 0.975 0.3578125 0.05 0.165625
11 0.59765625 0.79140625 0.14921875 0.41640625
14 0.56640625 0.55859375 0.01171875 0.06328125
14 0.9875 0.48203125 0.01796875 0.13515625
11 0.81171875 0.778125 0.21015625 0.44375
11 0.94375 0.79609375 0.1125 0.4078125
6 0.1078125 0.96796875 0.0390625 0.06328125
6 0.33203125 0.96640625 0.0421875 0.0671875
6 0.0203125 0.7578125 0.040625 0.06640625
6 0.01796875 0.86796875 0.0359375 0.134375
6 0.25078125 0.36328125 0.028125 0.07109375
6 0.31953125 0.38125 0.03203125 0.04140625
14 0.79609375 0.53515625 0.0140625 0.08515625