11 0.3984375 0.7546875 0.19453125 0.490625
11 0.7 0.76328125 0.271875 0.4734375
11 0.878125 0.78984375 0.24375 0.4203125
3 0.70078125 0.375 0.12734375 0.16953125
3 0.29296875 0.24609375 0.159375 0.203125
3 0.3875 0.34453125 0.11015625 0.1421875
3 0.8921875 0.42890625 0.1796875 0.2265625
6 0.64140625 0.84765625 0.03203125 0.03984375
6 0.7703125 0.81015625 0.05390625 0.10234375
6 0.72734375 0.93046875 0.06171875 0.1
6 0.79609375 0.90390625 0.065625 0.05703125
14 0.2890625 0.375 0.0265625 0.13828125
14 0.3765625 0.46953125 0.028125 0.10703125
14 0.88984375 0.56796875 0.0234375 0.13125
8 0.6921875 0.51875 0.05546875 0.075
8 0.30625 0.4 0.06484375 0.07890625
8 0.3921875 0.4875 0.05859375 0.06015625
8 0.8765625 0.59765625 0.07421875 0.0765625
11 0.21875 0.69296875 0.23515625 0.6140625