11 0.38984375 0.75234375 0.18203125 0.4953125
11 0.69140625 0.759375 0.2453125 0.47890625
11 0.85703125 0.784375 0.23828125 0.42890625
3 0.6734375 0.3546875 0.11875 0.15703125
3 0.26171875 0.23515625 0.1453125 0.1859375
3 0.396875 0.334375 0.115625 0.1296875
3 0.86171875 0.4171875 0.1734375 0.21875
6 0.5953125 0.83828125 0.05078125 0.11875
6 0.66171875 0.77890625 0.06484375 0.09921875
6 0.71015625 0.915625 0.05703125 0.09140625
6 0.76875 0.85234375 0.08671875 0.06796875
14 0.25703125 0.353125 0.02421875 0.1265625
14 0.38671875 0.446875 0.02578125 0.0984375
14 0.865625 0.5359375 0.02109375 0.1203125
8 0.6765625 0.4921875 0.06171875 0.06328125
8 0.284375 0.3765625 0.05625 0.07265625
8 0.40703125 0.4640625 0.046875 0.0515625
8 0.83828125 0.5671875 0.0515625 0.0609375
11 0.228125 0.696875 0.18984375 0.60625
6 0.31953125 0.8171875 0.07421875 0.0984375