11 0.32265625 0.65234375 0.6046875 0.6953125
11 0.8890625 0.69921875 0.22109375 0.5984375
3 0.50078125 0.1875 0.23828125 0.37421875
2 0.615625 0.54453125 0.07734375 0.18359375
2 0.79765625 0.58671875 0.084375 0.16171875
2 0.71640625 0.9140625 0.16015625 0.15859375
2 0.609375 0.7484375 0.10546875 0.2203125
14 0.471875 0.35390625 0.0390625 0.12109375
14 0.95546875 0.2234375 0.08671875 0.2109375
8 0.496875 0.42109375 0.0890625 0.07265625
8 0.93984375 0.3359375 0.0640625 0.12265625
3 0.8703125 0.16875 0.0765625 0.146875
11 0.87890625 0.4015625 0.13359375 0.1578125