3 0.7765625 0.48828125 0.0921875 0.13515625
3 0.67578125 0.4765625 0.07265625 0.11015625
3 0.5921875 0.43828125 0.0859375 0.11953125
3 0.42265625 0.5015625 0.08203125 0.084375
3 0.19609375 0.4578125 0.12109375 0.1328125
3 0.0375 0.36953125 0.075 0.16875
11 0.42109375 0.7953125 0.1453125 0.409375
14 0.44921875 0.5671875 0.01171875 0.0640625
14 0.2265625 0.54140625 0.01875 0.07578125
14 0.0421875 0.49453125 0.01796875 0.1375
11 0.21484375 0.78671875 0.20625 0.4265625
11 0.06875 0.796875 0.134375 0.40625
6 0.8984375 0.97734375 0.040625 0.0453125
6 0.68125 0.97578125 0.04375 0.0484375
6 0.98828125 0.76953125 0.0234375 0.0671875
6 0.9828125 0.8796875 0.03359375 0.134375
6 0.75859375 0.3765625 0.028125 0.071875
6 0.6921875 0.3953125 0.0328125 0.0421875