11 0.67421875 0.709375 0.2953125 0.58125
11 0.203125 0.7296875 0.33515625 0.540625
3 0.1953125 0.178125 0.19765625 0.215625
3 0.92890625 0.0609375 0.1421875 0.121875
3 0.63359375 0.23515625 0.1640625 0.21953125
6 0.42421875 0.7765625 0.10546875 0.15390625
6 0.33203125 0.896875 0.1046875 0.121875
14 0.96953125 0.2125 0.06015625 0.19765625
14 0.6578125 0.390625 0.02890625 0.153125
8 0.246875 0.3859375 0.0703125 0.1140625
8 0.92421875 0.24140625 0.07109375 0.11328125
8 0.62734375 0.4265625 0.0671875 0.07421875
11 0.92890625 0.65234375 0.14140625 0.69453125
6 0.853125 0.8109375 0.13984375 0.19296875
14 0.190625 0.359375 0.04609375 0.175