3 0.784375 0.98671875 0.0375 0.0265625
2 0.75390625 0.703125 0.01328125 0.02265625
2 0.7703125 0.65078125 0.01640625 0.02421875
8 0.753125 0.625 0.009375 0.02734375
3 0.73828125 0.61484375 0.01796875 0.04453125
3 0.3078125 0.20234375 0.0265625 0.03359375
3 0.590625 0.234375 0.02578125 0.0390625
12 0.7671875 0.734375 0.0734375 0.2859375
2 0.56875 0.35859375 0.0140625 0.0390625
2 0.60546875 0.36328125 0.00859375 0.0359375
8 0.58984375 0.26484375 0.0109375 0.0140625
12 0.5828125 0.35390625 0.05234375 0.28203125
2 0.3265625 0.36484375 0.01015625 0.03203125
2 0.303125 0.33671875 0.015625 0.0296875
8 0.30625 0.234375 0.0109375 0.01640625
12 0.30234375 0.3296875 0.0578125 0.2890625