11 0.2359375 0.63984375 0.471875 0.7203125
11 0.76875 0.6203125 0.4625 0.759375
11 0.8203125 0.246875 0.08984375 0.23046875
3 0.39296875 0.21640625 0.2 0.30078125
3 0.6703125 0.040625 0.1515625 0.08046875
2 0.47109375 0.49453125 0.06015625 0.146875
2 0.6015625 0.496875 0.06796875 0.103125
2 0.5390625 0.7625 0.12109375 0.1453125
2 0.471875 0.65390625 0.06796875 0.17578125
2 0.62109375 0.74921875 0.0640625 0.08828125
14 0.37421875 0.37265625 0.034375 0.109375
14 0.6703125 0.29296875 0.0546875 0.16796875
8 0.39921875 0.4046875 0.084375 0.0515625
8 0.65859375 0.3390625 0.05 0.08515625
3 0.696875 0.1515625 0.190625 0.28828125