11 0.39296875 0.73515625 0.2515625 0.52734375
11 0.78125 0.753125 0.2796875 0.49140625
3 0.7921875 0.28203125 0.16015625 0.19296875
3 0.1296875 0.10859375 0.20390625 0.1921875
3 0.4296875 0.3328125 0.1359375 0.16640625
6 0.60234375 0.77890625 0.0828125 0.11015625
6 0.67734375 0.86171875 0.08125 0.10859375
14 0.15 0.29296875 0.05546875 0.1765625
14 0.4078125 0.44765625 0.02578125 0.1359375
8 0.7546875 0.4390625 0.0625 0.1015625
8 0.18671875 0.31875 0.06328125 0.10078125
8 0.42890625 0.48046875 0.06015625 0.05546875
11 0.1296875 0.6859375 0.259375 0.628125
6 0.22109375 0.8484375 0.10859375 0.13046875
14 0.79921875 0.4171875 0.040625 0.15625