2 0.17734375 0.7140625 0.01484375 0.025
2 0.159375 0.65703125 0.01796875 0.02578125
8 0.178125 0.62890625 0.01015625 0.0296875
3 0.19375 0.61875 0.01953125 0.0484375
3 0.6609375 0.17109375 0.02890625 0.03671875
3 0.3546875 0.20625 0.028125 0.0421875
12 0.16328125 0.74765625 0.0796875 0.31015625
2 0.378125 0.340625 0.015625 0.0421875
2 0.33828125 0.3453125 0.00859375 0.03828125
8 0.35546875 0.2390625 0.01171875 0.015625
12 0.3625 0.3359375 0.05625 0.30546875
2 0.640625 0.346875 0.0109375 0.034375
2 0.66640625 0.3171875 0.0171875 0.03203125
8 0.66171875 0.20625 0.01171875 0.0171875
12 0.66640625 0.309375 0.06328125 0.31328125