11 0.3890625 0.7359375 0.284375 0.528125
11 0.821875 0.753125 0.31640625 0.49140625
3 0.834375 0.2515625 0.18671875 0.2125
3 0.115625 0.08984375 0.22578125 0.17890625
3 0.41875 0.3 0.146875 0.19609375
6 0.6171875 0.80234375 0.09375 0.1375
6 0.7046875 0.9109375 0.1 0.10859375
14 0.0890625 0.2453125 0.04140625 0.18046875
14 0.396875 0.44765625 0.02578125 0.1359375
8 0.790625 0.43671875 0.07734375 0.134375
8 0.1296875 0.30703125 0.07734375 0.125
8 0.4296875 0.47890625 0.06015625 0.06640625
11 0.1046875 0.6859375 0.20859375 0.628125
6 0.22265625 0.7953125 0.125 0.225
14 0.840625 0.40546875 0.04453125 0.17265625