11 0.4171875 0.73671875 0.309375 0.5265625
11 0.8578125 0.75546875 0.284375 0.4890625
3 0.9 0.23359375 0.2 0.23125
3 0.121875 0.078125 0.24296875 0.15546875
3 0.45 0.28671875 0.159375 0.21328125
6 0.665625 0.8328125 0.10234375 0.14921875
6 0.759375 0.9453125 0.109375 0.10859375
14 0.09296875 0.22734375 0.04453125 0.19609375
14 0.42578125 0.44765625 0.028125 0.1484375
8 0.853125 0.4359375 0.08359375 0.146875
8 0.13671875 0.29453125 0.084375 0.1359375
8 0.46171875 0.48125 0.06484375 0.071875
11 0.1109375 0.68203125 0.221875 0.6359375
6 0.23671875 0.82578125 0.1359375 0.24453125
14 0.9078125 0.4015625 0.0484375 0.1875