11 0.60234375 0.7359375 0.26796875 0.528125
11 0.196875 0.75390625 0.284375 0.49140625
3 0.1765625 0.275 0.17890625 0.19609375
3 0.88828125 0.10234375 0.22265625 0.2046875
3 0.56796875 0.31015625 0.14921875 0.19921875
6 0.38515625 0.7875 0.084375 0.1125
6 0.30390625 0.884375 0.0953125 0.1109375
14 0.86328125 0.28984375 0.05625 0.1796875
14 0.5875 0.44453125 0.0265625 0.13828125
8 0.22734375 0.4390625 0.06328125 0.103125
8 0.82265625 0.31640625 0.06484375 0.103125
8 0.56796875 0.48359375 0.0609375 0.0671875
11 0.87890625 0.684375 0.2421875 0.63125
6 0.78203125 0.86171875 0.11015625 0.1328125
14 0.1734375 0.415625 0.04140625 0.15859375